Initialization Stage: 


------------------------------------------------------------------
Image Number: 0
Relative Selection: 

Schedule Matrix: 
(0, 1, 1226, 0), (0, 3, 1654, 0), (0, 0, 1961, 0), (0, 2, 2497, 0), 
(1, 0, 1260, 0), (1, 2, 2975, 0), (1, 4, 3098, 0), (1, 1, 9758, 0), (1, 3, 32082, 0), (1, 5, 211781, 0), 
(2, 2, 2423, 0), (2, 1, 2885, 0), (2, 0, 5820, 0), 
(3, 2, 62366, 0), (3, 0, 120111, 0), (3, 1, 120674, 0), 

Selection Set: 
Index: 0, Value: (0, 2), Index: 1, Value: (1, 3), Index: 2, Value: (2, 1), Index: 3, Value: (3, 1), 
------------------------------------------------------------------
Run Time Stage: 


------------------------------------------------------------------
Image Number: 0
Relative Selection: 
(0, 0, 1961, 0), (1, 1, 9758, 0), (1, 5, 211781, 0), (2, 2, 2423, 0), (2, 0, 5820, 0), (3, 0, 120111, 0), 
Schedule Matrix: 
(0, 1, 1226, 0), (0, 3, 1654, 0), (0, 0, 1961, 0), (0, 2, 2497, 23.0058), 
(1, 0, 1260, 0), (1, 2, 2975, 0), (1, 4, 3098, 0), (1, 1, 9758, 0), (1, 3, 32082, 23.0058), (1, 5, 211781, 0), 
(2, 2, 2423, 0), (2, 1, 2885, 23.0058), (2, 0, 5820, 0), 
(3, 2, 62366, 0), (3, 0, 120111, 0), (3, 1, 120674, 23.0058), 

Selection Set: 
Index: 0, Value: (0, 0), Index: 1, Value: (1, 3), Index: 2, Value: (2, 1), Index: 3, Value: (3, 1), 
------------------------------------------------------------------

------------------------------------------------------------------
Image Number: 0
Relative Selection: 
(0, 3, 1654, 0), (1, 1, 9758, 0), (1, 5, 211781, 0), (2, 2, 2423, 0), (2, 0, 5820, 0), (3, 0, 120111, 0), (0, 2, 2497, 23.0058), 
Schedule Matrix: 
(0, 1, 1226, 0), (0, 3, 1654, 0), (0, 0, 1961, 28.1701), (0, 2, 2497, 23.0058), 
(1, 0, 1260, 0), (1, 2, 2975, 0), (1, 4, 3098, 0), (1, 1, 9758, 0), (1, 3, 32082, 25.588), (1, 5, 211781, 0), 
(2, 2, 2423, 0), (2, 1, 2885, 25.588), (2, 0, 5820, 0), 
(3, 2, 62366, 0), (3, 0, 120111, 0), (3, 1, 120674, 25.588), 

Selection Set: 
Index: 0, Value: (0, 3), Index: 1, Value: (1, 3), Index: 2, Value: (2, 1), Index: 3, Value: (3, 1), 
------------------------------------------------------------------

------------------------------------------------------------------
Image Number: 0
Relative Selection: 
(0, 1, 1226, 0), (1, 1, 9758, 0), (1, 5, 211781, 0), (2, 2, 2423, 0), (2, 0, 5820, 0), (3, 0, 120111, 0), (0, 0, 1961, 28.1701), 
Schedule Matrix: 
(0, 1, 1226, 0), (0, 3, 1654, 22.6932), (0, 0, 1961, 28.1701), (0, 2, 2497, 23.0058), 
(1, 0, 1260, 0), (1, 2, 2975, 0), (1, 4, 3098, 0), (1, 1, 9758, 0), (1, 3, 32082, 24.1406), (1, 5, 211781, 0), 
(2, 2, 2423, 0), (2, 1, 2885, 24.1406), (2, 0, 5820, 0), 
(3, 2, 62366, 0), (3, 0, 120111, 0), (3, 1, 120674, 24.1406), 

Selection Set: 
Index: 0, Value: (0, 1), Index: 1, Value: (1, 3), Index: 2, Value: (2, 1), Index: 3, Value: (3, 1), 
------------------------------------------------------------------

------------------------------------------------------------------
Image Number: 0
Relative Selection: 
(1, 1, 9758, 0), (1, 5, 211781, 0), (2, 2, 2423, 0), (2, 0, 5820, 0), (3, 0, 120111, 0), (0, 3, 1654, 22.6932), 
Schedule Matrix: 
(0, 1, 1226, 24.1476), (0, 3, 1654, 22.6932), (0, 0, 1961, 28.1701), (0, 2, 2497, 23.0058), 
(1, 0, 1260, 0), (1, 2, 2975, 0), (1, 4, 3098, 0), (1, 1, 9758, 0), (1, 3, 32082, 24.1441), (1, 5, 211781, 0), 
(2, 2, 2423, 0), (2, 1, 2885, 24.1441), (2, 0, 5820, 0), 
(3, 2, 62366, 0), (3, 0, 120111, 0), (3, 1, 120674, 24.1441), 

Selection Set: 
Index: 0, Value: (0, 1), Index: 1, Value: (1, 1), Index: 2, Value: (2, 1), Index: 3, Value: (3, 1), 
------------------------------------------------------------------

------------------------------------------------------------------
Image Number: 0
Relative Selection: 
(1, 4, 3098, 0), (2, 2, 2423, 0), (2, 0, 5820, 0), (3, 0, 120111, 0), (0, 3, 1654, 22.6932), (1, 3, 32082, 24.1441), 
Schedule Matrix: 
(0, 1, 1226, 20.7916), (0, 3, 1654, 22.6932), (0, 0, 1961, 28.1701), (0, 2, 2497, 23.0058), 
(1, 0, 1260, 0), (1, 2, 2975, 0), (1, 4, 3098, 0), (1, 1, 9758, 17.4355), (1, 3, 32082, 24.1441), (1, 5, 211781, 0), 
(2, 2, 2423, 0), (2, 1, 2885, 20.7898), (2, 0, 5820, 0), 
(3, 2, 62366, 0), (3, 0, 120111, 0), (3, 1, 120674, 20.7898), 

Selection Set: 
Index: 0, Value: (0, 1), Index: 1, Value: (1, 4), Index: 2, Value: (2, 1), Index: 3, Value: (3, 1), 
------------------------------------------------------------------

------------------------------------------------------------------
Image Number: 0
Relative Selection: 
(1, 2, 2975, 0), (2, 2, 2423, 0), (2, 0, 5820, 0), (3, 0, 120111, 0), (1, 1, 9758, 17.4355), (0, 3, 1654, 22.6932), 
Schedule Matrix: 
(0, 1, 1226, 19.6632), (0, 3, 1654, 22.6932), (0, 0, 1961, 28.1701), (0, 2, 2497, 23.0058), 
(1, 0, 1260, 0), (1, 2, 2975, 0), (1, 4, 3098, 18.5348), (1, 1, 9758, 17.4355), (1, 3, 32082, 24.1441), (1, 5, 211781, 0), 
(2, 2, 2423, 0), (2, 1, 2885, 19.6623), (2, 0, 5820, 0), 
(3, 2, 62366, 0), (3, 0, 120111, 0), (3, 1, 120674, 19.6623), 

Selection Set: 
Index: 0, Value: (0, 1), Index: 1, Value: (1, 2), Index: 2, Value: (2, 1), Index: 3, Value: (3, 1), 
------------------------------------------------------------------

------------------------------------------------------------------
Image Number: 0
Relative Selection: 
(1, 0, 1260, 0), (2, 2, 2423, 0), (2, 0, 5820, 0), (3, 0, 120111, 0), (1, 4, 3098, 18.5348), (0, 3, 1654, 22.6932), 
Schedule Matrix: 
(0, 1, 1226, 16.1217), (0, 3, 1654, 22.6932), (0, 0, 1961, 28.1701), (0, 2, 2497, 23.0058), 
(1, 0, 1260, 0), (1, 2, 2975, 12.5802), (1, 4, 3098, 18.5348), (1, 1, 9758, 17.4355), (1, 3, 32082, 24.1441), (1, 5, 211781, 0), 
(2, 2, 2423, 0), (2, 1, 2885, 16.1213), (2, 0, 5820, 0), 
(3, 2, 62366, 0), (3, 0, 120111, 0), (3, 1, 197660, 16.1213), 

Selection Set: 
Index: 0, Value: (0, 1), Index: 1, Value: (1, 0), Index: 2, Value: (2, 1), Index: 3, Value: (3, 1), 
------------------------------------------------------------------

------------------------------------------------------------------
Image Number: 0
Relative Selection: 
(2, 2, 2423, 0), (2, 0, 5820, 0), (3, 0, 120111, 0), (1, 2, 2975, 12.5802), (0, 3, 1654, 22.6932), 
Schedule Matrix: 
(0, 1, 1226, 22.1511), (0, 3, 1654, 22.6932), (0, 0, 1961, 28.1701), (0, 2, 2497, 23.0058), 
(1, 0, 1260, 28.1804), (1, 2, 2975, 12.5802), (1, 4, 3098, 18.5348), (1, 1, 9758, 17.4355), (1, 3, 32082, 24.1441), (1, 5, 211781, 0), 
(2, 2, 2423, 0), (2, 1, 2885, 22.1508), (2, 0, 5820, 0), 
(3, 2, 62366, 0), (3, 0, 120111, 0), (3, 1, 197660, 22.1508), 

Selection Set: 
Index: 0, Value: (0, 1), Index: 1, Value: (1, 0), Index: 2, Value: (2, 2), Index: 3, Value: (3, 1), 
------------------------------------------------------------------

------------------------------------------------------------------
Image Number: 0
Relative Selection: 
(3, 0, 120111, 0), (1, 2, 2975, 12.5802), (2, 1, 2885, 22.1508), (0, 3, 1654, 22.6932), 
Schedule Matrix: 
(0, 1, 1226, 21.5569), (0, 3, 1654, 22.6932), (0, 0, 1961, 28.1701), (0, 2, 2497, 23.0058), 
(1, 0, 1260, 24.5715), (1, 2, 2975, 12.5802), (1, 4, 3098, 18.5348), (1, 1, 9758, 17.4355), (1, 3, 32082, 24.1441), (1, 5, 211781, 0), 
(2, 2, 2423, 20.9627), (2, 1, 2885, 22.1508), (2, 0, 5820, 0), 
(3, 2, 62366, 0), (3, 0, 120111, 0), (3, 1, 197660, 21.5568), 

Selection Set: 
Index: 0, Value: (0, 1), Index: 1, Value: (1, 0), Index: 2, Value: (2, 2), Index: 3, Value: (3, 0), 
------------------------------------------------------------------

------------------------------------------------------------------
Image Number: 0
Relative Selection: 
(3, 2, 62366, 0), (1, 2, 2975, 12.5802), (3, 1, 197660, 21.5568), (2, 1, 2885, 22.1508), (0, 3, 1654, 22.6932), 
Schedule Matrix: 
(0, 1, 1226, 17.7971), (0, 3, 1654, 22.6932), (0, 0, 1961, 28.1701), (0, 2, 2497, 23.0058), 
(1, 0, 1260, 19.3045), (1, 2, 2975, 12.5802), (1, 4, 3098, 18.5348), (1, 1, 9758, 17.4355), (1, 3, 32082, 24.1441), (1, 5, 211781, 0), 
(2, 2, 2423, 17.5), (2, 1, 2885, 22.1508), (2, 0, 5820, 0), 
(3, 2, 62366, 0), (3, 0, 120111, 14.0374), (3, 1, 197660, 21.5568), 

Selection Set: 
Index: 0, Value: (0, 1), Index: 1, Value: (1, 0), Index: 2, Value: (2, 2), Index: 3, Value: (3, 2), 
------------------------------------------------------------------

------------------------------------------------------------------
Image Number: 0
Relative Selection: 
(1, 2, 2975, 12.5802), (3, 0, 120111, 14.0374), (2, 1, 2885, 22.1508), (0, 3, 1654, 22.6932), 
Schedule Matrix: 
(0, 1, 1226, 16.5443), (0, 3, 1654, 22.6932), (0, 0, 1961, 28.1701), (0, 2, 2497, 23.0058), 
(1, 0, 1260, 17.298), (1, 2, 2975, 12.5802), (1, 4, 3098, 18.5348), (1, 1, 9758, 17.4355), (1, 3, 32082, 24.1441), (1, 5, 211781, 0), 
(2, 2, 2423, 16.3958), (2, 1, 2885, 22.1508), (2, 0, 5820, 0), 
(3, 2, 62366, 15.2915), (3, 0, 120111, 14.0374), (3, 1, 197660, 21.5568), 

Selection Set: 
Index: 0, Value: (0, 1), Index: 1, Value: (1, 2), Index: 2, Value: (2, 2), Index: 3, Value: (3, 2), 
------------------------------------------------------------------

------------------------------------------------------------------
Image Number: 0
Relative Selection: 
(3, 0, 120111, 14.0374), (1, 0, 1260, 17.298), (1, 4, 3098, 18.5348), (2, 1, 2885, 22.1508), (0, 3, 1654, 22.6932), 
Schedule Matrix: 
(0, 1, 1226, 14.9985), (0, 3, 1654, 22.6932), (0, 0, 1961, 28.1701), (0, 2, 2497, 23.0058), 
(1, 0, 1260, 17.298), (1, 2, 2975, 13.0165), (1, 4, 3098, 18.5348), (1, 1, 9758, 17.4355), (1, 3, 32082, 24.1441), (1, 5, 211781, 0), 
(2, 2, 2423, 14.9243), (2, 1, 2885, 22.1508), (2, 0, 5820, 0), 
(3, 2, 87491, 14.3721), (3, 0, 120111, 14.0374), (3, 1, 197660, 21.5568), 

Selection Set: 
Index: 0, Value: (0, 1), Index: 1, Value: (1, 2), Index: 2, Value: (2, 2), Index: 3, Value: (3, 0), 
------------------------------------------------------------------

------------------------------------------------------------------
Image Number: 0
Relative Selection: 
(3, 2, 87491, 14.3721), (1, 0, 1260, 17.298), (1, 4, 3098, 18.5348), (3, 1, 197660, 21.5568), (2, 1, 2885, 22.1508), (0, 3, 1654, 22.6932), 
Schedule Matrix: 
(0, 1, 1226, 15.6864), (0, 3, 1654, 22.6932), (0, 0, 1961, 28.1701), (0, 2, 2497, 23.0058), 
(1, 0, 1260, 17.298), (1, 2, 2975, 14.6954), (1, 4, 3098, 18.5348), (1, 1, 9758, 17.4355), (1, 3, 32082, 24.1441), (1, 5, 211781, 0), 
(2, 2, 2423, 15.6493), (2, 1, 2885, 22.1508), (2, 0, 5820, 0), 
(3, 2, 87491, 14.3721), (3, 0, 190246, 15.2059), (3, 1, 197660, 21.5568), 

Selection Set: 
Index: 0, Value: (0, 1), Index: 1, Value: (1, 2), Index: 2, Value: (2, 2), Index: 3, Value: (3, 2), 
------------------------------------------------------------------

------------------------------------------------------------------
Image Number: 0
Relative Selection: 
(3, 0, 190246, 15.2059), (1, 0, 1260, 17.298), (1, 4, 3098, 18.5348), (2, 1, 2885, 22.1508), (0, 3, 1654, 22.6932), 
Schedule Matrix: 
(0, 1, 1226, 14.8486), (0, 3, 1654, 22.6932), (0, 0, 1961, 28.1701), (0, 2, 2497, 23.0058), 
(1, 0, 1260, 17.298), (1, 2, 2975, 14.3531), (1, 4, 3098, 18.5348), (1, 1, 9758, 17.4355), (1, 3, 32082, 24.1441), (1, 5, 211781, 0), 
(2, 2, 2423, 14.8301), (2, 1, 2885, 22.1508), (2, 0, 5820, 0), 
(3, 2, 87491, 14.1915), (3, 0, 190246, 15.2059), (3, 1, 197660, 21.5568), 

Selection Set: 
Index: 0, Value: (0, 1), Index: 1, Value: (1, 2), Index: 2, Value: (2, 2), Index: 3, Value: (3, 0), 
------------------------------------------------------------------

------------------------------------------------------------------
Image Number: 0
Relative Selection: 
(3, 2, 87491, 14.1915), (1, 0, 1260, 17.298), (1, 4, 3098, 18.5348), (3, 1, 197660, 21.5568), (2, 1, 2885, 22.1508), (0, 3, 1654, 22.6932), 
Schedule Matrix: 
(0, 1, 1226, 16.1085), (0, 3, 1654, 22.6932), (0, 0, 1961, 28.1701), (0, 2, 2497, 23.0058), 
(1, 0, 1260, 17.298), (1, 2, 2975, 15.8607), (1, 4, 3098, 18.5348), (1, 1, 9758, 17.4355), (1, 3, 32082, 24.1441), (1, 5, 211781, 0), 
(2, 2, 2423, 16.0992), (2, 1, 2885, 22.1508), (2, 0, 5820, 0), 
(3, 2, 87491, 14.1915), (3, 0, 190246, 16.2871), (3, 1, 197660, 21.5568), 

Selection Set: 
Index: 0, Value: (0, 1), Index: 1, Value: (1, 2), Index: 2, Value: (2, 2), Index: 3, Value: (3, 2), 
------------------------------------------------------------------

------------------------------------------------------------------
Image Number: 0
Relative Selection: 
(3, 0, 190246, 16.2871), (1, 0, 1260, 17.298), (1, 4, 3098, 18.5348), (2, 1, 2885, 22.1508), (0, 3, 1654, 22.6932), 
Schedule Matrix: 
(0, 1, 1226, 15.257), (0, 3, 1654, 22.6932), (0, 0, 1961, 28.1701), (0, 2, 2497, 23.0058), 
(1, 0, 1260, 17.298), (1, 2, 2975, 15.1331), (1, 4, 3098, 18.5348), (1, 1, 9758, 17.4355), (1, 3, 32082, 24.1441), (1, 5, 211781, 0), 
(2, 2, 2423, 15.2523), (2, 1, 2885, 22.1508), (2, 0, 5820, 0), 
(3, 2, 87491, 14.2985), (3, 0, 190246, 16.2871), (3, 1, 197660, 21.5568), 

Selection Set: 
Index: 0, Value: (0, 1), Index: 1, Value: (1, 2), Index: 2, Value: (2, 2), Index: 3, Value: (3, 0), 
------------------------------------------------------------------

------------------------------------------------------------------
Image Number: 0
Relative Selection: 
(3, 2, 87491, 14.2985), (1, 0, 1260, 17.298), (1, 4, 3098, 18.5348), (3, 1, 197660, 21.5568), (2, 1, 2885, 22.1508), (0, 3, 1654, 22.6932), 
Schedule Matrix: 
(0, 1, 1226, 16.2641), (0, 3, 1654, 22.6932), (0, 0, 1961, 28.1701), (0, 2, 2497, 23.0058), 
(1, 0, 1260, 17.298), (1, 2, 2975, 16.2021), (1, 4, 3098, 18.5348), (1, 1, 9758, 17.4355), (1, 3, 32082, 24.1441), (1, 5, 211781, 0), 
(2, 2, 2423, 16.2617), (2, 1, 2885, 22.1508), (2, 0, 5820, 0), 
(3, 2, 87491, 14.2985), (3, 0, 190246, 16.7791), (3, 1, 197660, 21.5568), 

Selection Set: 
Index: 0, Value: (0, 1), Index: 1, Value: (1, 2), Index: 2, Value: (2, 2), Index: 3, Value: (3, 2), 
------------------------------------------------------------------
