Initialization Stage: 


------------------------------------------------------------------
Image Number: 0
Relative Selection: 

Schedule Matrix: 
(0, 1, 1201, 0), (0, 3, 1687, 0), (0, 2, 2448, 0), (0, 0, 5064, 0), 
(1, 0, 1208, 0), (1, 4, 3040, 0), (1, 2, 3065, 0), (1, 1, 10570, 0), (1, 3, 34337, 0), (1, 5, 170462, 0), 
(2, 2, 2464, 0), (2, 1, 2995, 0), (2, 0, 6073, 0), 
(3, 2, 61676, 0), (3, 0, 93781, 0), (3, 1, 128105, 0), 

Selection Set: 
Index: 0, Value: (0, 2), Index: 1, Value: (1, 3), Index: 2, Value: (2, 1), Index: 3, Value: (3, 1), 
------------------------------------------------------------------
Run Time Stage: 


------------------------------------------------------------------
Image Number: 0
Relative Selection: 
(0, 3, 1687, 0), (2, 2, 2464, 0), (0, 0, 5064, 0), (2, 0, 6073, 0), (1, 1, 10570, 0), (3, 0, 93781, 0), (1, 5, 170462, 0), 
Schedule Matrix: 
(0, 1, 1201, 0), (0, 3, 1687, 0), (0, 2, 2448, 23.0058), (0, 0, 5064, 0), 
(1, 0, 1208, 0), (1, 4, 3040, 0), (1, 2, 3065, 0), (1, 1, 10570, 0), (1, 3, 34337, 23.0058), (1, 5, 170462, 0), 
(2, 2, 2464, 0), (2, 1, 2995, 23.0058), (2, 0, 6073, 0), 
(3, 2, 61676, 0), (3, 0, 93781, 0), (3, 1, 128105, 23.0058), 

Selection Set: 
Index: 0, Value: (0, 3), Index: 1, Value: (1, 3), Index: 2, Value: (2, 1), Index: 3, Value: (3, 1), 
------------------------------------------------------------------

------------------------------------------------------------------
Image Number: 0
Relative Selection: 
(0, 1, 1201, 0), (0, 2, 2448, 23.0058), (2, 2, 2464, 0), (2, 0, 6073, 0), (1, 1, 10570, 0), (3, 0, 93781, 0), (1, 5, 170462, 0), 
Schedule Matrix: 
(0, 1, 1201, 0), (0, 3, 1687, 28.1701), (0, 2, 2448, 23.0058), (0, 0, 5064, 0), 
(1, 0, 1208, 0), (1, 4, 3040, 0), (1, 2, 3065, 0), (1, 1, 10570, 0), (1, 3, 34337, 25.588), (1, 5, 170462, 0), 
(2, 2, 2464, 0), (2, 1, 2995, 25.588), (2, 0, 6073, 0), 
(3, 2, 61676, 0), (3, 0, 93781, 0), (3, 1, 128105, 25.588), 

Selection Set: 
Index: 0, Value: (0, 1), Index: 1, Value: (1, 3), Index: 2, Value: (2, 1), Index: 3, Value: (3, 1), 
------------------------------------------------------------------

------------------------------------------------------------------
Image Number: 0
Relative Selection: 
(0, 3, 1687, 28.1701), (2, 2, 2464, 0), (2, 0, 6073, 0), (1, 1, 10570, 0), (3, 0, 93781, 0), (1, 5, 170462, 0), 
Schedule Matrix: 
(0, 1, 1201, 22.6932), (0, 3, 1687, 28.1701), (0, 2, 2448, 23.0058), (0, 0, 5064, 0), 
(1, 0, 1208, 0), (1, 4, 3040, 0), (1, 2, 3065, 0), (1, 1, 10570, 0), (1, 3, 34337, 24.1406), (1, 5, 170462, 0), 
(2, 2, 2464, 0), (2, 1, 2995, 24.1406), (2, 0, 6073, 0), 
(3, 2, 61676, 0), (3, 0, 93781, 0), (3, 1, 128105, 24.1406), 

Selection Set: 
Index: 0, Value: (0, 3), Index: 1, Value: (1, 3), Index: 2, Value: (2, 1), Index: 3, Value: (3, 1), 
------------------------------------------------------------------

------------------------------------------------------------------
Image Number: 0
Relative Selection: 
(0, 1, 1201, 22.6932), (0, 2, 2448, 23.0058), (2, 2, 2464, 0), (2, 0, 6073, 0), (1, 1, 10570, 0), (3, 0, 93781, 0), (1, 5, 170462, 0), 
Schedule Matrix: 
(0, 1, 1201, 22.6932), (0, 3, 1687, 25.8076), (0, 2, 2448, 23.0058), (0, 0, 5064, 0), 
(1, 0, 1208, 0), (1, 4, 3040, 0), (1, 2, 3065, 0), (1, 1, 10570, 0), (1, 3, 34337, 23.7928), (1, 5, 170462, 0), 
(2, 2, 2464, 0), (2, 1, 2995, 23.7928), (2, 0, 6073, 0), 
(3, 2, 61676, 0), (3, 0, 93781, 0), (3, 1, 128105, 23.7928), 

Selection Set: 
Index: 0, Value: (0, 1), Index: 1, Value: (1, 3), Index: 2, Value: (2, 1), Index: 3, Value: (3, 1), 
------------------------------------------------------------------

------------------------------------------------------------------
Image Number: 0
Relative Selection: 
(0, 3, 1687, 25.8076), (2, 2, 2464, 0), (2, 0, 6073, 0), (1, 1, 10570, 0), (3, 0, 93781, 0), (1, 5, 170462, 0), 
Schedule Matrix: 
(0, 1, 1201, 20.0644), (0, 3, 1687, 25.8076), (0, 2, 2448, 23.0058), (0, 0, 5064, 0), 
(1, 0, 1208, 0), (1, 4, 3040, 0), (1, 2, 3065, 0), (1, 1, 10570, 0), (1, 3, 34337, 20.6142), (1, 5, 170462, 0), 
(2, 2, 2464, 0), (2, 1, 2995, 20.6142), (2, 0, 6073, 0), 
(3, 2, 61676, 0), (3, 0, 93781, 0), (3, 1, 128105, 20.6142), 

Selection Set: 
Index: 0, Value: (0, 3), Index: 1, Value: (1, 3), Index: 2, Value: (2, 1), Index: 3, Value: (3, 1), 
------------------------------------------------------------------

------------------------------------------------------------------
Image Number: 0
Relative Selection: 
(0, 1, 1201, 20.0644), (0, 2, 2448, 23.0058), (2, 2, 2464, 0), (2, 0, 6073, 0), (1, 1, 10570, 0), (3, 0, 93781, 0), (1, 5, 170462, 0), 
Schedule Matrix: 
(0, 1, 1201, 20.0644), (0, 3, 1687, 22.1712), (0, 2, 2448, 23.0058), (0, 0, 5064, 0), 
(1, 0, 1208, 0), (1, 4, 3040, 0), (1, 2, 3065, 0), (1, 1, 10570, 0), (1, 3, 34337, 19.5745), (1, 5, 170462, 0), 
(2, 2, 2464, 0), (2, 1, 2995, 19.5745), (2, 0, 6073, 0), 
(3, 2, 61676, 0), (3, 0, 93781, 0), (3, 1, 128105, 19.5745), 

Selection Set: 
Index: 0, Value: (0, 1), Index: 1, Value: (1, 3), Index: 2, Value: (2, 1), Index: 3, Value: (3, 1), 
------------------------------------------------------------------

------------------------------------------------------------------
Image Number: 0
Relative Selection: 
(0, 3, 1687, 22.1712), (2, 2, 2464, 0), (2, 0, 6073, 0), (1, 1, 10570, 0), (3, 0, 93781, 0), (1, 5, 170462, 0), 
Schedule Matrix: 
(0, 1, 1201, 24.1619), (0, 3, 1687, 22.1712), (0, 2, 2448, 23.0058), (0, 0, 5064, 0), 
(1, 0, 1208, 0), (1, 4, 3040, 0), (1, 2, 3065, 0), (1, 1, 10570, 0), (1, 3, 34337, 23.917), (1, 5, 170462, 0), 
(2, 2, 2464, 0), (2, 1, 2995, 23.917), (2, 0, 6073, 0), 
(3, 2, 61676, 0), (3, 0, 93781, 0), (3, 1, 128105, 23.917), 

Selection Set: 
Index: 0, Value: (0, 3), Index: 1, Value: (1, 3), Index: 2, Value: (2, 1), Index: 3, Value: (3, 1), 
------------------------------------------------------------------

------------------------------------------------------------------
Image Number: 0
Relative Selection: 
(0, 1, 1201, 24.1619), (0, 2, 2448, 23.0058), (2, 2, 2464, 0), (2, 0, 6073, 0), (1, 1, 10570, 0), (3, 0, 93781, 0), (1, 5, 170462, 0), 
Schedule Matrix: 
(0, 1, 1201, 24.1619), (0, 3, 1687, 23.5134), (0, 2, 2448, 23.0058), (0, 0, 5064, 0), 
(1, 0, 1208, 0), (1, 4, 3040, 0), (1, 2, 3065, 0), (1, 1, 10570, 0), (1, 3, 34337, 24.3863), (1, 5, 170462, 0), 
(2, 2, 2464, 0), (2, 1, 2995, 24.3863), (2, 0, 6073, 0), 
(3, 2, 61676, 0), (3, 0, 93781, 0), (3, 1, 128105, 24.3863), 

Selection Set: 
Index: 0, Value: (0, 1), Index: 1, Value: (1, 3), Index: 2, Value: (2, 1), Index: 3, Value: (3, 1), 
------------------------------------------------------------------

------------------------------------------------------------------
Image Number: 0
Relative Selection: 
(0, 3, 1687, 23.5134), (2, 2, 2464, 0), (2, 0, 6073, 0), (1, 1, 10570, 0), (3, 0, 93781, 0), (1, 5, 170462, 0), 
Schedule Matrix: 
(0, 1, 1201, 21.7064), (0, 3, 1687, 23.5134), (0, 2, 2448, 23.0058), (0, 0, 5064, 0), 
(1, 0, 1208, 0), (1, 4, 3040, 0), (1, 2, 3065, 0), (1, 1, 10570, 0), (1, 3, 34337, 21.8186), (1, 5, 170462, 0), 
(2, 2, 2464, 0), (2, 1, 2995, 21.8186), (2, 0, 6073, 0), 
(3, 2, 61676, 0), (3, 0, 93781, 0), (3, 1, 128105, 21.8186), 

Selection Set: 
Index: 0, Value: (0, 3), Index: 1, Value: (1, 3), Index: 2, Value: (2, 1), Index: 3, Value: (3, 1), 
------------------------------------------------------------------

------------------------------------------------------------------
Image Number: 0
Relative Selection: 
(0, 1, 1201, 21.7064), (0, 2, 2448, 23.0058), (2, 2, 2464, 0), (2, 0, 6073, 0), (1, 1, 10570, 0), (3, 0, 93781, 0), (1, 5, 170462, 0), 
Schedule Matrix: 
(0, 1, 1201, 21.7064), (0, 3, 1687, 18.7738), (0, 2, 2448, 23.0058), (0, 0, 5064, 0), 
(1, 0, 1208, 0), (1, 4, 3040, 0), (1, 2, 3065, 0), (1, 1, 10570, 0), (1, 3, 34337, 17.9263), (1, 5, 170462, 0), 
(2, 2, 2464, 0), (2, 1, 2995, 17.9263), (2, 0, 6073, 0), 
(3, 2, 61676, 0), (3, 0, 93781, 0), (3, 1, 128105, 17.9263), 

Selection Set: 
Index: 0, Value: (0, 1), Index: 1, Value: (1, 3), Index: 2, Value: (2, 1), Index: 3, Value: (3, 1), 
------------------------------------------------------------------

------------------------------------------------------------------
Image Number: 0
Relative Selection: 
(0, 3, 1687, 18.7738), (2, 2, 2464, 0), (2, 0, 6073, 0), (1, 1, 10570, 0), (3, 0, 93781, 0), (1, 5, 170462, 0), 
Schedule Matrix: 
(0, 1, 1201, 18.499), (0, 3, 1687, 18.7738), (0, 2, 2448, 23.0058), (0, 0, 5064, 0), 
(1, 0, 1208, 0), (1, 4, 3040, 0), (1, 2, 3065, 0), (1, 1, 10570, 0), (1, 3, 34337, 16.6089), (1, 5, 170462, 0), 
(2, 2, 2464, 0), (2, 1, 2995, 16.6089), (2, 0, 6073, 0), 
(3, 2, 61676, 0), (3, 0, 93781, 0), (3, 1, 128105, 16.6089), 

Selection Set: 
Index: 0, Value: (0, 3), Index: 1, Value: (1, 3), Index: 2, Value: (2, 1), Index: 3, Value: (3, 1), 
------------------------------------------------------------------

------------------------------------------------------------------
Image Number: 0
Relative Selection: 
(0, 1, 1201, 18.499), (0, 2, 2448, 23.0058), (2, 2, 2464, 0), (2, 0, 6073, 0), (1, 1, 10570, 0), (3, 0, 93781, 0), (1, 5, 170462, 0), 
Schedule Matrix: 
(0, 1, 1201, 18.499), (0, 3, 1687, 21.3651), (0, 2, 2448, 23.0058), (0, 0, 5064, 0), 
(1, 0, 1208, 0), (1, 4, 3040, 0), (1, 2, 3065, 0), (1, 1, 10570, 0), (1, 3, 34337, 20.2827), (1, 5, 170462, 0), 
(2, 2, 2464, 0), (2, 1, 2995, 20.2827), (2, 0, 6073, 0), 
(3, 2, 61676, 0), (3, 0, 93781, 0), (3, 1, 128105, 20.2827), 

Selection Set: 
Index: 0, Value: (0, 1), Index: 1, Value: (1, 3), Index: 2, Value: (2, 1), Index: 3, Value: (3, 1), 
------------------------------------------------------------------

------------------------------------------------------------------
Image Number: 0
Relative Selection: 
(0, 3, 1687, 21.3651), (2, 2, 2464, 0), (2, 0, 6073, 0), (1, 1, 10570, 0), (3, 0, 93781, 0), (1, 5, 170462, 0), 
Schedule Matrix: 
(0, 1, 1201, 20.4965), (0, 3, 1687, 21.3651), (0, 2, 2448, 23.0058), (0, 0, 5064, 0), 
(1, 0, 1208, 0), (1, 4, 3040, 0), (1, 2, 3065, 0), (1, 1, 10570, 0), (1, 3, 34337, 21.3884), (1, 5, 170462, 0), 
(2, 2, 2464, 0), (2, 1, 2995, 21.3884), (2, 0, 6073, 0), 
(3, 2, 61676, 0), (3, 0, 93781, 0), (3, 1, 128105, 21.3884), 

Selection Set: 
Index: 0, Value: (0, 3), Index: 1, Value: (1, 3), Index: 2, Value: (2, 1), Index: 3, Value: (3, 1), 
------------------------------------------------------------------

------------------------------------------------------------------
Image Number: 0
Relative Selection: 
(0, 1, 1201, 20.4965), (0, 2, 2448, 23.0058), (2, 2, 2464, 0), (2, 0, 6073, 0), (1, 1, 10570, 0), (3, 0, 93781, 0), (1, 5, 170462, 0), 
Schedule Matrix: 
(0, 1, 1201, 20.4965), (0, 3, 1687, 22.0268), (0, 2, 2448, 23.0058), (0, 0, 5064, 0), 
(1, 0, 1208, 0), (1, 4, 3040, 0), (1, 2, 3065, 0), (1, 1, 10570, 0), (1, 3, 34337, 22.0385), (1, 5, 170462, 0), 
(2, 2, 2464, 0), (2, 1, 2995, 22.0385), (2, 0, 6073, 0), 
(3, 2, 61676, 0), (3, 0, 93781, 0), (3, 1, 128105, 22.0385), 

Selection Set: 
Index: 0, Value: (0, 1), Index: 1, Value: (1, 3), Index: 2, Value: (2, 1), Index: 3, Value: (3, 1), 
------------------------------------------------------------------

------------------------------------------------------------------
Image Number: 0
Relative Selection: 
(0, 3, 1687, 22.0268), (2, 2, 2464, 0), (2, 0, 6073, 0), (1, 1, 10570, 0), (3, 0, 93781, 0), (1, 5, 170462, 0), 
Schedule Matrix: 
(0, 1, 1201, 21.0499), (0, 3, 1687, 22.0268), (0, 2, 2448, 23.0058), (0, 0, 5064, 0), 
(1, 0, 1208, 0), (1, 4, 3040, 0), (1, 2, 3065, 0), (1, 1, 10570, 0), (1, 3, 34337, 21.8208), (1, 5, 170462, 0), 
(2, 2, 2464, 0), (2, 1, 2995, 21.8208), (2, 0, 6073, 0), 
(3, 2, 61676, 0), (3, 0, 93781, 0), (3, 1, 128105, 21.8208), 

Selection Set: 
Index: 0, Value: (0, 3), Index: 1, Value: (1, 3), Index: 2, Value: (2, 1), Index: 3, Value: (3, 1), 
------------------------------------------------------------------

------------------------------------------------------------------
Image Number: 0
Relative Selection: 
(0, 1, 1201, 21.0499), (0, 2, 2448, 23.0058), (2, 2, 2464, 0), (2, 0, 6073, 0), (1, 1, 10570, 0), (3, 0, 93781, 0), (1, 5, 170462, 0), 
Schedule Matrix: 
(0, 1, 1201, 21.0499), (0, 3, 1687, 22.9417), (0, 2, 2448, 23.0058), (0, 0, 5064, 0), 
(1, 0, 1208, 0), (1, 4, 3040, 0), (1, 2, 3065, 0), (1, 1, 10570, 0), (1, 3, 34337, 22.8387), (1, 5, 170462, 0), 
(2, 2, 2464, 0), (2, 1, 2995, 22.8387), (2, 0, 6073, 0), 
(3, 2, 61676, 0), (3, 0, 93781, 0), (3, 1, 128105, 22.8387), 

Selection Set: 
Index: 0, Value: (0, 1), Index: 1, Value: (1, 3), Index: 2, Value: (2, 1), Index: 3, Value: (3, 1), 
------------------------------------------------------------------

------------------------------------------------------------------
Image Number: 0
Relative Selection: 
(0, 3, 1687, 22.9417), (2, 2, 2464, 0), (2, 0, 6073, 0), (1, 1, 10570, 0), (3, 0, 93781, 0), (1, 5, 170462, 0), 
Schedule Matrix: 
(0, 1, 1201, 20.8514), (0, 3, 1687, 22.9417), (0, 2, 2448, 23.0058), (0, 0, 5064, 0), 
(1, 0, 1208, 0), (1, 4, 3040, 0), (1, 2, 3065, 0), (1, 1, 10570, 0), (1, 3, 34337, 21.7458), (1, 5, 170462, 0), 
(2, 2, 2464, 0), (2, 1, 2995, 21.7458), (2, 0, 6073, 0), 
(3, 2, 61676, 0), (3, 0, 93781, 0), (3, 1, 128105, 21.7458), 

Selection Set: 
Index: 0, Value: (0, 3), Index: 1, Value: (1, 3), Index: 2, Value: (2, 1), Index: 3, Value: (3, 1), 
------------------------------------------------------------------
