Initialization Stage: 


------------------------------------------------------------------
Image Number: 0
Relative Selection: 

Schedule Matrix: 
(0, 1, 1202, 0), (0, 3, 1909, 0), (0, 2, 2343, 0), (0, 0, 3474, 0), 
(1, 0, 1215, 0), (1, 2, 2961, 0), (1, 4, 3103, 0), (1, 1, 9602, 0), (1, 3, 33656, 0), (1, 5, 169759, 0), 
(2, 2, 2467, 0), (2, 1, 2790, 0), (2, 0, 6057, 0), 
(3, 2, 68780, 0), (3, 0, 90963, 0), (3, 1, 128736, 0), 

Selection Set: 
Index: 0, Value: (0, 0), Index: 1, Value: (1, 0), Index: 2, Value: (2, 0), Index: 3, Value: (3, 0), 
------------------------------------------------------------------
Run Time Stage: 

Redundant Image:
Redundant Image:
Redundant Image:
Redundant Image:
Redundant Image:
Redundant Image:
Redundant Image:
Redundant Image:
Redundant Image:

------------------------------------------------------------------
Image Number: 8
Relative Selection: 
(0, 2, 2343, 0), (2, 1, 2790, 0), (1, 2, 2961, 0), (3, 2, 68780, 0), (3, 1, 128736, 0), 
Schedule Matrix: 
(0, 1, 1202, 0), (0, 3, 1909, 0), (0, 2, 2343, 0), (0, 0, 3474, 24.767), 
(1, 0, 1215, 24.767), (1, 2, 2961, 0), (1, 4, 3103, 0), (1, 1, 9602, 0), (1, 3, 33656, 0), (1, 5, 169759, 0), 
(2, 2, 2467, 0), (2, 1, 2790, 0), (2, 0, 6057, 24.767), 
(3, 2, 68780, 0), (3, 0, 90963, 24.767), (3, 1, 128736, 0), 

Selection Set: 
Index: 0, Value: (0, 2), Index: 1, Value: (1, 0), Index: 2, Value: (2, 0), Index: 3, Value: (3, 0), 
------------------------------------------------------------------
Redundant Image:

------------------------------------------------------------------
Image Number: 8
Relative Selection: 
(0, 3, 1909, 0), (2, 1, 2790, 0), (1, 2, 2961, 0), (0, 0, 3474, 24.767), (3, 2, 68780, 0), (3, 1, 128736, 0), 
Schedule Matrix: 
(0, 1, 1202, 0), (0, 3, 1909, 0), (0, 2, 2343, 13.9767), (0, 0, 3474, 24.767), 
(1, 0, 1215, 19.3718), (1, 2, 2961, 0), (1, 4, 3103, 0), (1, 1, 9602, 0), (1, 3, 33656, 0), (1, 5, 169759, 0), 
(2, 2, 2467, 0), (2, 1, 2790, 0), (2, 0, 6057, 19.3718), 
(3, 2, 68780, 0), (3, 0, 90963, 19.3718), (3, 1, 128736, 0), 

Selection Set: 
Index: 0, Value: (0, 3), Index: 1, Value: (1, 0), Index: 2, Value: (2, 0), Index: 3, Value: (3, 0), 
------------------------------------------------------------------
Redundant Image:
Redundant Image:
Redundant Image:
Redundant Image:
Redundant Image:
Redundant Image:
Redundant Image:
No more images to read

