Initialization Stage: 


------------------------------------------------------------------
Image Number: 0
Relative Selection: 

Schedule Matrix: 
(0, 3, 5573, 0), (0, 2, 8374, 0), (0, 1, 9755, 0), (0, 0, 12210, 0), 
(1, 0, 1301, 0), (1, 2, 2989, 0), (1, 4, 6096, 0), (1, 1, 15494, 0), (1, 3, 61142, 0), (1, 5, 169776, 0), 
(2, 2, 2415, 0), (2, 1, 2733, 0), (2, 0, 8041, 0), 
(3, 2, 60878, 0), (3, 1, 119560, 0), (3, 0, 120423, 0), 

Selection Set: 
Index: 0, Value: (0, 0), Index: 1, Value: (1, 0), Index: 2, Value: (2, 0), Index: 3, Value: (3, 0), 
------------------------------------------------------------------
Run Time Stage: 

Redundant Image:

------------------------------------------------------------------
Image Number: 0
Relative Selection: 
(2, 1, 2733, -1857.45), (0, 1, 9755, -858.9), (3, 1, 119560, -301.7), (1, 2, 2989, 998452), 
Schedule Matrix: 
(0, 3, 5573, 0), (0, 2, 8374, 0), (0, 1, 9755, 0), (0, 0, 12210, 24.767), 
(1, 0, 1301, 24.767), (1, 2, 2989, 0), (1, 4, 6096, 0), (1, 1, 15494, 0), (1, 3, 61142, 0), (1, 5, 169776, 0), 
(2, 2, 2415, 0), (2, 1, 2733, 0), (2, 0, 8041, 24.767), 
(3, 2, 60878, 0), (3, 1, 119560, 0), (3, 0, 120423, 24.767), 

Selection Set: 
Index: 0, Value: (0, 1), Index: 1, Value: (1, 2), Index: 2, Value: (2, 1), Index: 3, Value: (3, 1), 
------------------------------------------------------------------
Redundant Image:

------------------------------------------------------------------
Image Number: 0
Relative Selection: 
(3, 2, 60878, -27016.8), (3, 0, 120423, -6176.1), (1, 0, 1301, -590.45), (0, 2, 8374, -483), (2, 2, 2415, -110.95), (0, 0, 12210, 2.11118e+06), (1, 4, 6096, 3.38088e+06), (2, 0, 8041, 9.86492e+06), 
Schedule Matrix: 
(0, 3, 5573, 0), (0, 2, 8374, 0), (0, 1, 9755, 12.4574), (0, 0, 12210, 24.767), 
(1, 0, 1301, 24.767), (1, 2, 2989, 12.4574), (1, 4, 6096, 0), (1, 1, 15494, 0), (1, 3, 61142, 0), (1, 5, 169776, 0), 
(2, 2, 2415, 0), (2, 1, 2733, 12.4574), (2, 0, 8041, 24.767), 
(3, 2, 60878, 0), (3, 1, 138070, 12.4574), (3, 0, 120423, 24.767), 

Selection Set: 
Index: 0, Value: (0, 2), Index: 1, Value: (1, 0), Index: 2, Value: (2, 2), Index: 3, Value: (3, 2), 
------------------------------------------------------------------
Redundant Image:

------------------------------------------------------------------
Image Number: 0
Relative Selection: 
(0, 3, 5573, -980), 
Schedule Matrix: 
(0, 3, 5573, 0), (0, 2, 8374, 22.6932), (0, 1, 9755, 12.4574), (0, 0, 12210, 24.767), 
(1, 0, 1301, 23.7301), (1, 2, 2989, 12.4574), (1, 4, 6096, 0), (1, 1, 15494, 0), (1, 3, 61142, 0), (1, 5, 169776, 0), 
(2, 2, 2415, 22.6932), (2, 1, 2733, 12.4574), (2, 0, 8041, 24.767), 
(3, 2, 60878, 22.6932), (3, 1, 138070, 12.4574), (3, 0, 120423, 24.767), 

Selection Set: 
Index: 0, Value: (0, 3), Index: 1, Value: (1, 0), Index: 2, Value: (2, 2), Index: 3, Value: (3, 2), 
------------------------------------------------------------------
Redundant Image:

------------------------------------------------------------------
Image Number: 0
Relative Selection: 
(0, 2, 8374, 2.74792e+06), 
Schedule Matrix: 
(0, 3, 5573, 24.1476), (0, 2, 8374, 22.6932), (0, 1, 9755, 12.4574), (0, 0, 12210, 24.767), 
(1, 0, 1301, 23.9389), (1, 2, 2989, 12.4574), (1, 4, 6096, 0), (1, 1, 15494, 0), (1, 3, 61142, 0), (1, 5, 169776, 0), 
(2, 2, 2415, 23.4204), (2, 1, 2733, 12.4574), (2, 0, 8041, 24.767), 
(3, 2, 60878, 23.4204), (3, 1, 138070, 12.4574), (3, 0, 120423, 24.767), 

Selection Set: 
Index: 0, Value: (0, 2), Index: 1, Value: (1, 0), Index: 2, Value: (2, 2), Index: 3, Value: (3, 2), 
------------------------------------------------------------------
Redundant Image:

------------------------------------------------------------------
Image Number: 0
Relative Selection: 
(0, 3, 5573, -980), 
Schedule Matrix: 
(0, 3, 5573, 24.1476), (0, 2, 8374, 20.0644), (0, 1, 9755, 12.4574), (0, 0, 12210, 24.767), 
(1, 0, 1301, 20.6872), (1, 2, 2989, 12.4574), (1, 4, 6096, 0), (1, 1, 15494, 0), (1, 3, 61142, 0), (1, 5, 169776, 0), 
(2, 2, 2415, 20.428), (2, 1, 2733, 12.4574), (2, 0, 8041, 24.767), 
(3, 2, 60878, 20.428), (3, 1, 138070, 12.4574), (3, 0, 120423, 24.767), 

Selection Set: 
Index: 0, Value: (0, 3), Index: 1, Value: (1, 0), Index: 2, Value: (2, 2), Index: 3, Value: (3, 2), 
------------------------------------------------------------------
Redundant Image:

------------------------------------------------------------------
Image Number: 0
Relative Selection: 
(0, 2, 8374, 2.74792e+06), 
Schedule Matrix: 
(0, 3, 5573, 21.3412), (0, 2, 8374, 20.0644), (0, 1, 9755, 12.4574), (0, 0, 12210, 24.767), 
(1, 0, 1301, 19.611), (1, 2, 2989, 12.4574), (1, 4, 6096, 0), (1, 1, 15494, 0), (1, 3, 61142, 0), (1, 5, 169776, 0), 
(2, 2, 2415, 19.4814), (2, 1, 2733, 12.4574), (2, 0, 8041, 24.767), 
(3, 2, 60878, 19.4814), (3, 1, 138070, 12.4574), (3, 0, 120423, 24.767), 

Selection Set: 
Index: 0, Value: (0, 2), Index: 1, Value: (1, 0), Index: 2, Value: (2, 2), Index: 3, Value: (3, 2), 
------------------------------------------------------------------
Redundant Image:

------------------------------------------------------------------
Image Number: 0
Relative Selection: 
(0, 3, 5573, -980), 
Schedule Matrix: 
(0, 3, 5573, 21.3412), (0, 2, 8374, 24.8152), (0, 1, 9755, 12.4574), (0, 0, 12210, 24.767), 
(1, 0, 1301, 24.5885), (1, 2, 2989, 12.4574), (1, 4, 6096, 0), (1, 1, 15494, 0), (1, 3, 61142, 0), (1, 5, 169776, 0), 
(2, 2, 2415, 24.5237), (2, 1, 2733, 12.4574), (2, 0, 8041, 24.767), 
(3, 2, 60878, 24.5237), (3, 1, 138070, 12.4574), (3, 0, 120423, 24.767), 

Selection Set: 
Index: 0, Value: (0, 3), Index: 1, Value: (1, 0), Index: 2, Value: (2, 2), Index: 3, Value: (3, 2), 
------------------------------------------------------------------
Redundant Image:

------------------------------------------------------------------
Image Number: 0
Relative Selection: 
(0, 2, 8374, 2.74792e+06), 
Schedule Matrix: 
(0, 3, 5573, 26.1464), (0, 2, 8374, 24.8152), (0, 1, 9755, 12.4574), (0, 0, 12210, 24.767), 
(1, 0, 1301, 27.77), (1, 2, 2989, 12.4574), (1, 4, 6096, 0), (1, 1, 15494, 0), (1, 3, 61142, 0), (1, 5, 169776, 0), 
(2, 2, 2415, 27.7376), (2, 1, 2733, 12.4574), (2, 0, 8041, 24.767), 
(3, 2, 60878, 27.7376), (3, 1, 138070, 12.4574), (3, 0, 120423, 24.767), 

Selection Set: 
Index: 0, Value: (0, 2), Index: 1, Value: (1, 0), Index: 2, Value: (2, 2), Index: 3, Value: (3, 2), 
------------------------------------------------------------------
Redundant Image:

------------------------------------------------------------------
Image Number: 0
Relative Selection: 
(0, 3, 5573, -980), 
Schedule Matrix: 
(0, 3, 5573, 26.1464), (0, 2, 8374, 22.8889), (0, 1, 9755, 12.4574), (0, 0, 12210, 24.767), 
(1, 0, 1301, 24.3663), (1, 2, 2989, 12.4574), (1, 4, 6096, 0), (1, 1, 15494, 0), (1, 3, 61142, 0), (1, 5, 169776, 0), 
(2, 2, 2415, 24.3501), (2, 1, 2733, 12.4574), (2, 0, 8041, 24.767), 
(3, 2, 60878, 24.3501), (3, 1, 138070, 12.4574), (3, 0, 120423, 24.767), 

Selection Set: 
Index: 0, Value: (0, 3), Index: 1, Value: (1, 0), Index: 2, Value: (2, 2), Index: 3, Value: (3, 2), 
------------------------------------------------------------------
Redundant Image:

------------------------------------------------------------------
Image Number: 0
Relative Selection: 
(0, 2, 8374, 2.74792e+06), 
Schedule Matrix: 
(0, 3, 5573, 20.0902), (0, 2, 8374, 22.8889), (0, 1, 9755, 12.4574), (0, 0, 12210, 24.767), 
(1, 0, 1301, 19.2002), (1, 2, 2989, 12.4574), (1, 4, 6096, 0), (1, 1, 15494, 0), (1, 3, 61142, 0), (1, 5, 169776, 0), 
(2, 2, 2415, 19.1921), (2, 1, 2733, 12.4574), (2, 0, 8041, 24.767), 
(3, 2, 60878, 19.1921), (3, 1, 138070, 12.4574), (3, 0, 120423, 24.767), 

Selection Set: 
Index: 0, Value: (0, 2), Index: 1, Value: (1, 0), Index: 2, Value: (2, 2), Index: 3, Value: (3, 2), 
------------------------------------------------------------------
Redundant Image:

------------------------------------------------------------------
Image Number: 0
Relative Selection: 
(0, 3, 5573, -980), 
Schedule Matrix: 
(0, 3, 5573, 20.0902), (0, 2, 8374, 19.0902), (0, 1, 9755, 12.4574), (0, 0, 12210, 24.767), 
(1, 0, 1301, 17.2459), (1, 2, 2989, 12.4574), (1, 4, 6096, 0), (1, 1, 15494, 0), (1, 3, 61142, 0), (1, 5, 169776, 0), 
(2, 2, 2415, 17.2418), (2, 1, 2733, 12.4574), (2, 0, 8041, 24.767), 
(3, 2, 60878, 17.2418), (3, 1, 138070, 12.4574), (3, 0, 120423, 24.767), 

Selection Set: 
Index: 0, Value: (0, 3), Index: 1, Value: (1, 0), Index: 2, Value: (2, 2), Index: 3, Value: (3, 2), 
------------------------------------------------------------------
Redundant Image:

------------------------------------------------------------------
Image Number: 0
Relative Selection: 
(1, 4, 6096, 8.05057e+06), (2, 0, 8041, 1.10821e+07), (3, 0, 120423, 1.241e+09), 
Schedule Matrix: 
(0, 3, 5573, 23.3229), (0, 2, 8374, 19.0902), (0, 1, 9755, 12.4574), (0, 0, 12210, 24.767), 
(1, 0, 1301, 21.9008), (1, 2, 2989, 12.4574), (1, 4, 6096, 0), (1, 1, 15494, 0), (1, 3, 61142, 0), (1, 5, 169776, 0), 
(2, 2, 2415, 21.8987), (2, 1, 2733, 12.4574), (2, 0, 8041, 24.767), 
(3, 2, 60878, 21.8987), (3, 1, 138070, 12.4574), (3, 0, 120423, 24.767), 

Selection Set: 
Index: 0, Value: (0, 3), Index: 1, Value: (1, 0), Index: 2, Value: (2, 2), Index: 3, Value: (3, 2), 
------------------------------------------------------------------
Redundant Image:

------------------------------------------------------------------
Image Number: 0
Relative Selection: 
(1, 4, 6096, 8.05057e+06), (2, 0, 8041, 1.10821e+07), (3, 0, 120423, 1.241e+09), 
Schedule Matrix: 
(0, 3, 5573, 23.2164), (0, 2, 8374, 19.0902), (0, 1, 9755, 12.4574), (0, 0, 12210, 24.767), 
(1, 0, 1301, 22.5053), (1, 2, 2989, 12.4574), (1, 4, 6096, 0), (1, 1, 15494, 0), (1, 3, 61142, 0), (1, 5, 169776, 0), 
(2, 2, 2415, 22.5043), (2, 1, 2733, 12.4574), (2, 0, 8041, 24.767), 
(3, 2, 60878, 22.5043), (3, 1, 138070, 12.4574), (3, 0, 120423, 24.767), 

Selection Set: 
Index: 0, Value: (0, 3), Index: 1, Value: (1, 0), Index: 2, Value: (2, 2), Index: 3, Value: (3, 2), 
------------------------------------------------------------------
Redundant Image:

------------------------------------------------------------------
Image Number: 0
Relative Selection: 
(1, 4, 6096, 8.05057e+06), (2, 0, 8041, 1.10821e+07), (3, 0, 120423, 1.241e+09), 
Schedule Matrix: 
(0, 3, 5573, 23.8106), (0, 2, 8374, 19.0902), (0, 1, 9755, 12.4574), (0, 0, 12210, 24.767), 
(1, 0, 1301, 23.4551), (1, 2, 2989, 12.4574), (1, 4, 6096, 0), (1, 1, 15494, 0), (1, 3, 61142, 0), (1, 5, 169776, 0), 
(2, 2, 2415, 23.4546), (2, 1, 2733, 12.4574), (2, 0, 8041, 24.767), 
(3, 2, 60878, 23.4546), (3, 1, 138070, 12.4574), (3, 0, 120423, 24.767), 

Selection Set: 
Index: 0, Value: (0, 3), Index: 1, Value: (1, 0), Index: 2, Value: (2, 2), Index: 3, Value: (3, 2), 
------------------------------------------------------------------
Redundant Image:

------------------------------------------------------------------
Image Number: 0
Relative Selection: 
(1, 4, 6096, 8.05057e+06), (2, 0, 8041, 1.10821e+07), (3, 0, 120423, 1.241e+09), 
Schedule Matrix: 
(0, 3, 5573, 23.5931), (0, 2, 8374, 19.0902), (0, 1, 9755, 12.4574), (0, 0, 12210, 24.767), 
(1, 0, 1301, 23.4153), (1, 2, 2989, 12.4574), (1, 4, 6096, 0), (1, 1, 15494, 0), (1, 3, 61142, 0), (1, 5, 169776, 0), 
(2, 2, 2415, 23.4151), (2, 1, 2733, 12.4574), (2, 0, 8041, 24.767), 
(3, 2, 60878, 23.4151), (3, 1, 138070, 12.4574), (3, 0, 120423, 24.767), 

Selection Set: 
Index: 0, Value: (0, 3), Index: 1, Value: (1, 0), Index: 2, Value: (2, 2), Index: 3, Value: (3, 2), 
------------------------------------------------------------------
Redundant Image:

------------------------------------------------------------------
Image Number: 0
Relative Selection: 
(1, 4, 6096, 8.05057e+06), (2, 0, 8041, 1.10821e+07), (3, 0, 120423, 1.241e+09), 
Schedule Matrix: 
(0, 3, 5573, 24.3461), (0, 2, 8374, 19.0902), (0, 1, 9755, 12.4574), (0, 0, 12210, 24.767), 
(1, 0, 1301, 24.2572), (1, 2, 2989, 12.4574), (1, 4, 6096, 0), (1, 1, 15494, 0), (1, 3, 61142, 0), (1, 5, 169776, 0), 
(2, 2, 2415, 24.2571), (2, 1, 2733, 12.4574), (2, 0, 8041, 24.767), 
(3, 2, 60878, 24.2571), (3, 1, 138070, 12.4574), (3, 0, 120423, 24.767), 

Selection Set: 
Index: 0, Value: (0, 3), Index: 1, Value: (1, 0), Index: 2, Value: (2, 2), Index: 3, Value: (3, 2), 
------------------------------------------------------------------
Redundant Image:

------------------------------------------------------------------
Image Number: 0
Relative Selection: 
(1, 4, 6096, 8.05057e+06), (2, 0, 8041, 1.10821e+07), (3, 0, 120423, 1.241e+09), 
Schedule Matrix: 
(0, 3, 5573, 24.093), (0, 2, 8374, 19.0902), (0, 1, 9755, 12.4574), (0, 0, 12210, 24.767), 
(1, 0, 1301, 24.0486), (1, 2, 2989, 12.4574), (1, 4, 6096, 0), (1, 1, 15494, 0), (1, 3, 61142, 0), (1, 5, 169776, 0), 
(2, 2, 2415, 24.0485), (2, 1, 2733, 12.4574), (2, 0, 8041, 24.767), 
(3, 2, 60878, 24.0485), (3, 1, 138070, 12.4574), (3, 0, 120423, 24.767), 

Selection Set: 
Index: 0, Value: (0, 3), Index: 1, Value: (1, 0), Index: 2, Value: (2, 2), Index: 3, Value: (3, 2), 
------------------------------------------------------------------
No more images to read

