Initialization Stage: 


------------------------------------------------------------------
Image Number: 0
Relative Selection: 

Schedule Matrix: 
(0, 1, 1159, 0), (0, 3, 1637, 0), (0, 0, 1993, 0), (0, 2, 2405, 0), 
(1, 0, 1221, 0), (1, 2, 2927, 0), (1, 4, 3143, 0), (1, 1, 9883, 0), (1, 3, 31598, 0), (1, 5, 171009, 0), 
(2, 2, 2441, 0), (2, 1, 2797, 0), (2, 0, 5639, 0), 
(3, 0, 97780, 0), (3, 2, 109310, 0), (3, 1, 142314, 0), 

Selection Set: 
Index: 0, Value: (0, 2), Index: 1, Value: (1, 3), Index: 2, Value: (2, 1), Index: 3, Value: (3, 1), 
------------------------------------------------------------------
Run Time Stage: 


------------------------------------------------------------------
Image Number: 0
Relative Selection: 
(0, 0, 1993, 0), (2, 2, 2441, 0), (2, 0, 5639, 0), (1, 1, 9883, 0), (3, 2, 109310, 0), (1, 5, 171009, 0), 
Schedule Matrix: 
(0, 1, 1159, 0), (0, 3, 1637, 0), (0, 0, 1993, 0), (0, 2, 2405, 23.0058), 
(1, 0, 1221, 0), (1, 2, 2927, 0), (1, 4, 3143, 0), (1, 1, 9883, 0), (1, 3, 31598, 23.0058), (1, 5, 171009, 0), 
(2, 2, 2441, 0), (2, 1, 2797, 23.0058), (2, 0, 5639, 0), 
(3, 0, 97780, 0), (3, 2, 109310, 0), (3, 1, 142314, 23.0058), 

Selection Set: 
Index: 0, Value: (0, 2), Index: 1, Value: (1, 5), Index: 2, Value: (2, 1), Index: 3, Value: (3, 1), 
------------------------------------------------------------------

------------------------------------------------------------------
Image Number: 0
Relative Selection: 
(0, 0, 1993, 0), (2, 2, 2441, 0), (2, 0, 5639, 0), (1, 3, 31598, 23.0058), (3, 2, 109310, 0), 
Schedule Matrix: 
(0, 1, 1159, 0), (0, 3, 1637, 0), (0, 0, 1993, 0), (0, 2, 2405, 25.588), 
(1, 0, 1221, 0), (1, 2, 2927, 0), (1, 4, 3143, 0), (1, 1, 9883, 0), (1, 3, 31598, 23.0058), (1, 5, 171009, 28.1701), 
(2, 2, 2441, 0), (2, 1, 2797, 25.588), (2, 0, 5639, 0), 
(3, 0, 97780, 0), (3, 2, 109310, 0), (3, 1, 142314, 25.588), 

Selection Set: 
Index: 0, Value: (0, 2), Index: 1, Value: (1, 5), Index: 2, Value: (2, 1), Index: 3, Value: (3, 2), 
------------------------------------------------------------------

------------------------------------------------------------------
Image Number: 0
Relative Selection: 
(0, 0, 1993, 0), (2, 2, 2441, 0), (2, 0, 5639, 0), (1, 3, 31598, 23.0058), (3, 0, 97780, 0), (3, 1, 142314, 25.588), 
Schedule Matrix: 
(0, 1, 1159, 0), (0, 3, 1637, 0), (0, 0, 1993, 0), (0, 2, 2405, 24.1406), 
(1, 0, 1221, 0), (1, 2, 2927, 0), (1, 4, 3143, 0), (1, 1, 9883, 0), (1, 3, 31598, 23.0058), (1, 5, 171009, 25.4317), 
(2, 2, 2441, 0), (2, 1, 2797, 24.1406), (2, 0, 5639, 0), 
(3, 0, 97780, 0), (3, 2, 109310, 22.6932), (3, 1, 142314, 25.588), 

Selection Set: 
Index: 0, Value: (0, 2), Index: 1, Value: (1, 5), Index: 2, Value: (2, 1), Index: 3, Value: (3, 1), 
------------------------------------------------------------------

------------------------------------------------------------------
Image Number: 0
Relative Selection: 
(0, 0, 1993, 0), (2, 2, 2441, 0), (2, 0, 5639, 0), (1, 3, 31598, 23.0058), (3, 2, 109310, 22.6932), 
Schedule Matrix: 
(0, 1, 1159, 0), (0, 3, 1637, 0), (0, 0, 1993, 0), (0, 2, 2405, 23.7928), 
(1, 0, 1221, 0), (1, 2, 2927, 0), (1, 4, 3143, 0), (1, 1, 9883, 0), (1, 3, 31598, 23.0058), (1, 5, 171009, 24.4384), 
(2, 2, 2441, 0), (2, 1, 2797, 23.7928), (2, 0, 5639, 0), 
(3, 0, 97780, 0), (3, 2, 109310, 22.6932), (3, 1, 142314, 24.5165), 

Selection Set: 
Index: 0, Value: (0, 2), Index: 1, Value: (1, 5), Index: 2, Value: (2, 1), Index: 3, Value: (3, 2), 
------------------------------------------------------------------

------------------------------------------------------------------
Image Number: 0
Relative Selection: 
(0, 0, 1993, 0), (2, 2, 2441, 0), (2, 0, 5639, 0), (1, 3, 31598, 23.0058), (3, 0, 97780, 0), (3, 1, 142314, 24.5165), 
Schedule Matrix: 
(0, 1, 1159, 0), (0, 3, 1637, 0), (0, 0, 1993, 0), (0, 2, 2405, 20.6142), 
(1, 0, 1221, 0), (1, 2, 2927, 0), (1, 4, 3143, 0), (1, 1, 9883, 0), (1, 3, 31598, 23.0058), (1, 5, 171009, 20.9369), 
(2, 2, 2441, 0), (2, 1, 2797, 20.6142), (2, 0, 5639, 0), 
(3, 0, 97780, 0), (3, 2, 109310, 20.0644), (3, 1, 142314, 24.5165), 

Selection Set: 
Index: 0, Value: (0, 2), Index: 1, Value: (1, 5), Index: 2, Value: (2, 1), Index: 3, Value: (3, 1), 
------------------------------------------------------------------

------------------------------------------------------------------
Image Number: 0
Relative Selection: 
(0, 0, 1993, 0), (2, 2, 2441, 0), (2, 0, 5639, 0), (1, 3, 31598, 23.0058), (3, 2, 109310, 20.0644), 
Schedule Matrix: 
(0, 1, 1159, 0), (0, 3, 1637, 0), (0, 0, 1993, 0), (0, 2, 2405, 19.5745), 
(1, 0, 1221, 0), (1, 2, 2927, 0), (1, 4, 3143, 0), (1, 1, 9883, 0), (1, 3, 31598, 23.0058), (1, 5, 171009, 19.7359), 
(2, 2, 2441, 0), (2, 1, 2797, 19.5745), (2, 0, 5639, 0), 
(3, 0, 97780, 0), (3, 2, 109310, 20.0644), (3, 1, 142314, 21.5257), 

Selection Set: 
Index: 0, Value: (0, 2), Index: 1, Value: (1, 5), Index: 2, Value: (2, 1), Index: 3, Value: (3, 2), 
------------------------------------------------------------------

------------------------------------------------------------------
Image Number: 0
Relative Selection: 
(0, 0, 1993, 0), (2, 2, 2441, 0), (2, 0, 5639, 0), (1, 3, 31598, 23.0058), (3, 0, 97780, 0), (3, 1, 142314, 21.5257), 
Schedule Matrix: 
(0, 1, 1159, 0), (0, 3, 1637, 0), (0, 0, 1993, 0), (0, 2, 2405, 23.9251), 
(1, 0, 1221, 0), (1, 2, 2927, 0), (1, 4, 3143, 0), (1, 1, 9883, 0), (1, 3, 31598, 23.0058), (1, 5, 171009, 24.0058), 
(2, 2, 2441, 0), (2, 1, 2797, 23.9251), (2, 0, 5639, 0), 
(3, 0, 97780, 0), (3, 2, 109310, 24.17), (3, 1, 142314, 21.5257), 

Selection Set: 
Index: 0, Value: (0, 2), Index: 1, Value: (1, 5), Index: 2, Value: (2, 1), Index: 3, Value: (3, 1), 
------------------------------------------------------------------

------------------------------------------------------------------
Image Number: 0
Relative Selection: 
(0, 0, 1993, 0), (2, 2, 2441, 0), (2, 0, 5639, 0), (1, 3, 31598, 23.0058), (3, 2, 109310, 24.17), 
Schedule Matrix: 
(0, 1, 1159, 0), (0, 3, 1637, 0), (0, 0, 1993, 0), (0, 2, 2405, 26.0527), 
(1, 0, 1221, 0), (1, 2, 2927, 0), (1, 4, 3143, 0), (1, 1, 9883, 0), (1, 3, 31598, 23.0058), (1, 5, 171009, 26.0931), 
(2, 2, 2441, 0), (2, 1, 2797, 26.0527), (2, 0, 5639, 0), 
(3, 0, 97780, 0), (3, 2, 109310, 24.17), (3, 1, 142314, 24.853), 

Selection Set: 
Index: 0, Value: (0, 2), Index: 1, Value: (1, 5), Index: 2, Value: (2, 1), Index: 3, Value: (3, 2), 
------------------------------------------------------------------

------------------------------------------------------------------
Image Number: 0
Relative Selection: 
(0, 0, 1993, 0), (2, 2, 2441, 0), (2, 0, 5639, 0), (1, 3, 31598, 23.0058), (3, 0, 97780, 0), (3, 1, 142314, 24.853), 
Schedule Matrix: 
(0, 1, 1159, 0), (0, 3, 1637, 0), (0, 0, 1993, 0), (0, 2, 2405, 23.5077), 
(1, 0, 1221, 0), (1, 2, 2927, 0), (1, 4, 3143, 0), (1, 1, 9883, 0), (1, 3, 31598, 23.0058), (1, 5, 171009, 23.5279), 
(2, 2, 2441, 0), (2, 1, 2797, 23.5077), (2, 0, 5639, 0), 
(3, 0, 97780, 0), (3, 2, 109310, 22.5664), (3, 1, 142314, 24.853), 

Selection Set: 
Index: 0, Value: (0, 2), Index: 1, Value: (1, 5), Index: 2, Value: (2, 1), Index: 3, Value: (3, 1), 
------------------------------------------------------------------

------------------------------------------------------------------
Image Number: 0
Relative Selection: 
(0, 0, 1993, 0), (2, 2, 2441, 0), (2, 0, 5639, 0), (1, 3, 31598, 23.0058), (3, 2, 109310, 22.5664), 
Schedule Matrix: 
(0, 1, 1159, 0), (0, 3, 1637, 0), (0, 0, 1993, 0), (0, 2, 2405, 18.7709), 
(1, 0, 1221, 0), (1, 2, 2927, 0), (1, 4, 3143, 0), (1, 1, 9883, 0), (1, 3, 31598, 23.0058), (1, 5, 171009, 18.781), 
(2, 2, 2441, 0), (2, 1, 2797, 18.7709), (2, 0, 5639, 0), 
(3, 0, 97780, 0), (3, 2, 109310, 22.5664), (3, 1, 142314, 19.4436), 

Selection Set: 
Index: 0, Value: (0, 2), Index: 1, Value: (1, 5), Index: 2, Value: (2, 1), Index: 3, Value: (3, 2), 
------------------------------------------------------------------

------------------------------------------------------------------
Image Number: 0
Relative Selection: 
(0, 0, 1993, 0), (2, 2, 2441, 0), (2, 0, 5639, 0), (1, 3, 31598, 23.0058), (3, 0, 97780, 0), (3, 1, 142314, 19.4436), 
Schedule Matrix: 
(0, 1, 1159, 0), (0, 3, 1637, 0), (0, 0, 1993, 0), (0, 2, 2405, 17.0312), 
(1, 0, 1221, 0), (1, 2, 2927, 0), (1, 4, 3143, 0), (1, 1, 9883, 0), (1, 3, 31598, 23.0058), (1, 5, 171009, 17.0363), 
(2, 2, 2441, 0), (2, 1, 2797, 17.0312), (2, 0, 5639, 0), 
(3, 0, 97780, 0), (3, 2, 109310, 18.929), (3, 1, 142314, 19.4436), 

Selection Set: 
Index: 0, Value: (0, 2), Index: 1, Value: (1, 5), Index: 2, Value: (2, 1), Index: 3, Value: (3, 1), 
------------------------------------------------------------------

------------------------------------------------------------------
Image Number: 0
Relative Selection: 
(0, 0, 1993, 0), (2, 2, 2441, 0), (2, 0, 5639, 0), (1, 3, 31598, 23.0058), (3, 2, 109310, 18.929), 
Schedule Matrix: 
(0, 1, 1159, 0), (0, 3, 1637, 0), (0, 0, 1993, 0), (0, 2, 2405, 20.9731), 
(1, 0, 1221, 0), (1, 2, 2927, 0), (1, 4, 3143, 0), (1, 1, 9883, 0), (1, 3, 31598, 23.0058), (1, 5, 171009, 20.9756), 
(2, 2, 2441, 0), (2, 1, 2797, 20.9731), (2, 0, 5639, 0), 
(3, 0, 97780, 0), (3, 2, 109310, 18.929), (3, 1, 142314, 22.1792), 

Selection Set: 
Index: 0, Value: (0, 2), Index: 1, Value: (1, 5), Index: 2, Value: (2, 1), Index: 3, Value: (3, 2), 
------------------------------------------------------------------

------------------------------------------------------------------
Image Number: 0
Relative Selection: 
(0, 0, 1993, 0), (2, 2, 2441, 0), (2, 0, 5639, 0), (1, 3, 31598, 23.0058), (3, 0, 97780, 0), (3, 1, 142314, 22.1792), 
Schedule Matrix: 
(0, 1, 1159, 0), (0, 3, 1637, 0), (0, 0, 1993, 0), (0, 2, 2405, 21.7644), 
(1, 0, 1221, 0), (1, 2, 2927, 0), (1, 4, 3143, 0), (1, 1, 9883, 0), (1, 3, 31598, 23.0058), (1, 5, 171009, 21.7656), 
(2, 2, 2441, 0), (2, 1, 2797, 21.7644), (2, 0, 5639, 0), 
(3, 0, 97780, 0), (3, 2, 109310, 20.7423), (3, 1, 142314, 22.1792), 

Selection Set: 
Index: 0, Value: (0, 2), Index: 1, Value: (1, 5), Index: 2, Value: (2, 1), Index: 3, Value: (3, 1), 
------------------------------------------------------------------

------------------------------------------------------------------
Image Number: 0
Relative Selection: 
(0, 0, 1993, 0), (2, 2, 2441, 0), (2, 0, 5639, 0), (1, 3, 31598, 23.0058), (3, 2, 109310, 20.7423), 
Schedule Matrix: 
(0, 1, 1159, 0), (0, 3, 1637, 0), (0, 0, 1993, 0), (0, 2, 2405, 23.0846), 
(1, 0, 1221, 0), (1, 2, 2927, 0), (1, 4, 3143, 0), (1, 1, 9883, 0), (1, 3, 31598, 23.0058), (1, 5, 171009, 23.0852), 
(2, 2, 2441, 0), (2, 1, 2797, 23.0846), (2, 0, 5639, 0), 
(3, 0, 97780, 0), (3, 2, 109310, 20.7423), (3, 1, 142314, 23.292), 

Selection Set: 
Index: 0, Value: (0, 2), Index: 1, Value: (1, 5), Index: 2, Value: (2, 1), Index: 3, Value: (3, 2), 
------------------------------------------------------------------

------------------------------------------------------------------
Image Number: 0
Relative Selection: 
(0, 0, 1993, 0), (2, 2, 2441, 0), (2, 0, 5639, 0), (1, 3, 31598, 23.0058), (3, 0, 97780, 0), (3, 1, 142314, 23.292), 
Schedule Matrix: 
(0, 1, 1159, 0), (0, 3, 1637, 0), (0, 0, 1993, 0), (0, 2, 2405, 23.2301), 
(1, 0, 1221, 0), (1, 2, 2927, 0), (1, 4, 3143, 0), (1, 1, 9883, 0), (1, 3, 31598, 23.0058), (1, 5, 171009, 23.2304), 
(2, 2, 2441, 0), (2, 1, 2797, 23.2301), (2, 0, 5639, 0), 
(3, 0, 97780, 0), (3, 2, 109310, 22.0589), (3, 1, 142314, 23.292), 

Selection Set: 
Index: 0, Value: (0, 2), Index: 1, Value: (1, 5), Index: 2, Value: (2, 1), Index: 3, Value: (3, 1), 
------------------------------------------------------------------

------------------------------------------------------------------
Image Number: 0
Relative Selection: 
(0, 0, 1993, 0), (2, 2, 2441, 0), (2, 0, 5639, 0), (1, 3, 31598, 23.0058), (3, 2, 109310, 22.0589), 
Schedule Matrix: 
(0, 1, 1159, 0), (0, 3, 1637, 0), (0, 0, 1993, 0), (0, 2, 2405, 24.1646), 
(1, 0, 1221, 0), (1, 2, 2927, 0), (1, 4, 3143, 0), (1, 1, 9883, 0), (1, 3, 31598, 23.0058), (1, 5, 171009, 24.1647), 
(2, 2, 2441, 0), (2, 1, 2797, 24.1646), (2, 0, 5639, 0), 
(3, 0, 97780, 0), (3, 2, 109310, 22.0589), (3, 1, 142314, 24.1956), 

Selection Set: 
Index: 0, Value: (0, 2), Index: 1, Value: (1, 5), Index: 2, Value: (2, 1), Index: 3, Value: (3, 2), 
------------------------------------------------------------------

------------------------------------------------------------------
Image Number: 0
Relative Selection: 
(0, 0, 1993, 0), (2, 2, 2441, 0), (2, 0, 5639, 0), (1, 3, 31598, 23.0058), (3, 0, 97780, 0), (3, 1, 142314, 24.1956), 
Schedule Matrix: 
(0, 1, 1159, 0), (0, 3, 1637, 0), (0, 0, 1993, 0), (0, 2, 2405, 24.0023), 
(1, 0, 1221, 0), (1, 2, 2927, 0), (1, 4, 3143, 0), (1, 1, 9883, 0), (1, 3, 31598, 23.0058), (1, 5, 171009, 24.0023), 
(2, 2, 2441, 0), (2, 1, 2797, 24.0023), (2, 0, 5639, 0), 
(3, 0, 97780, 0), (3, 2, 109310, 22.9494), (3, 1, 142314, 24.1956), 

Selection Set: 
Index: 0, Value: (0, 2), Index: 1, Value: (1, 5), Index: 2, Value: (2, 1), Index: 3, Value: (3, 1), 
------------------------------------------------------------------
