Initialization Stage: 


------------------------------------------------------------------
Image Number: 0
Relative Selection: 

Schedule Matrix: 
(0, 1, 1508, 0), (0, 3, 1720, 0), (0, 0, 2026, 0), (0, 2, 2497, 0), 
(1, 0, 1214, 0), (1, 4, 3066, 0), (1, 2, 3175, 0), (1, 1, 10384, 0), (1, 3, 32412, 0), (1, 5, 183912, 0), 
(2, 2, 2514, 0), (2, 1, 2900, 0), (2, 0, 4713, 0), 
(3, 2, 72357, 0), (3, 0, 100829, 0), (3, 1, 119689, 0), 

Selection Set: 
Index: 0, Value: (0, 2), Index: 1, Value: (1, 3), Index: 2, Value: (2, 1), Index: 3, Value: (3, 1), 
------------------------------------------------------------------
Run Time Stage: 


------------------------------------------------------------------
Image Number: 0
Relative Selection: 
(0, 0, 2026, 0), (2, 2, 2514, 0), (2, 0, 4713, 0), (1, 1, 10384, 0), (3, 0, 100829, 0), (1, 5, 183912, 0), 
Schedule Matrix: 
(0, 1, 1508, 0), (0, 3, 1720, 0), (0, 0, 2026, 0), (0, 2, 2497, 23.0058), 
(1, 0, 1214, 0), (1, 4, 3066, 0), (1, 2, 3175, 0), (1, 1, 10384, 0), (1, 3, 32412, 23.0058), (1, 5, 183912, 0), 
(2, 2, 2514, 0), (2, 1, 2900, 23.0058), (2, 0, 4713, 0), 
(3, 2, 72357, 0), (3, 0, 100829, 0), (3, 1, 119689, 23.0058), 

Selection Set: 
Index: 0, Value: (0, 2), Index: 1, Value: (1, 5), Index: 2, Value: (2, 1), Index: 3, Value: (3, 1), 
------------------------------------------------------------------

------------------------------------------------------------------
Image Number: 0
Relative Selection: 
(0, 0, 2026, 0), (2, 2, 2514, 0), (2, 0, 4713, 0), (1, 3, 32412, 23.0058), (3, 0, 100829, 0), 
Schedule Matrix: 
(0, 1, 1508, 0), (0, 3, 1720, 0), (0, 0, 2026, 0), (0, 2, 2497, 25.588), 
(1, 0, 1214, 0), (1, 4, 3066, 0), (1, 2, 3175, 0), (1, 1, 10384, 0), (1, 3, 32412, 23.0058), (1, 5, 183912, 28.1701), 
(2, 2, 2514, 0), (2, 1, 2900, 25.588), (2, 0, 4713, 0), 
(3, 2, 72357, 0), (3, 0, 100829, 0), (3, 1, 119689, 25.588), 

Selection Set: 
Index: 0, Value: (0, 2), Index: 1, Value: (1, 5), Index: 2, Value: (2, 1), Index: 3, Value: (3, 0), 
------------------------------------------------------------------

------------------------------------------------------------------
Image Number: 0
Relative Selection: 
(0, 0, 2026, 0), (2, 2, 2514, 0), (2, 0, 4713, 0), (1, 3, 32412, 23.0058), (3, 2, 72357, 0), (3, 1, 119689, 25.588), 
Schedule Matrix: 
(0, 1, 1508, 0), (0, 3, 1720, 0), (0, 0, 2026, 0), (0, 2, 2497, 24.1406), 
(1, 0, 1214, 0), (1, 4, 3066, 0), (1, 2, 3175, 0), (1, 1, 10384, 0), (1, 3, 32412, 23.0058), (1, 5, 183912, 25.4317), 
(2, 2, 2514, 0), (2, 1, 2900, 24.1406), (2, 0, 4713, 0), 
(3, 2, 72357, 0), (3, 0, 100829, 22.6932), (3, 1, 119689, 25.588), 

Selection Set: 
Index: 0, Value: (0, 2), Index: 1, Value: (1, 5), Index: 2, Value: (2, 1), Index: 3, Value: (3, 2), 
------------------------------------------------------------------

------------------------------------------------------------------
Image Number: 0
Relative Selection: 
(0, 0, 2026, 0), (2, 2, 2514, 0), (2, 0, 4713, 0), (1, 3, 32412, 23.0058), (3, 0, 100829, 22.6932), 
Schedule Matrix: 
(0, 1, 1508, 0), (0, 3, 1720, 0), (0, 0, 2026, 0), (0, 2, 2497, 23.8981), 
(1, 0, 1214, 0), (1, 4, 3066, 0), (1, 2, 3175, 0), (1, 1, 10384, 0), (1, 3, 32412, 23.0058), (1, 5, 183912, 24.5436), 
(2, 2, 2514, 0), (2, 1, 2900, 23.8981), (2, 0, 4713, 0), 
(3, 2, 72357, 23.6555), (3, 0, 100829, 22.6932), (3, 1, 119689, 25.588), 

Selection Set: 
Index: 0, Value: (0, 2), Index: 1, Value: (1, 5), Index: 2, Value: (2, 0), Index: 3, Value: (3, 2), 
------------------------------------------------------------------

------------------------------------------------------------------
Image Number: 0
Relative Selection: 
(0, 0, 2026, 0), (2, 1, 2900, 23.8981), (1, 3, 32412, 23.0058), (3, 0, 100829, 22.6932), 
Schedule Matrix: 
(0, 1, 1508, 0), (0, 3, 1720, 0), (0, 0, 2026, 0), (0, 2, 2497, 20.6668), 
(1, 0, 1214, 0), (1, 4, 3066, 0), (1, 2, 3175, 0), (1, 1, 10384, 0), (1, 3, 32412, 23.0058), (1, 5, 183912, 20.9896), 
(2, 2, 2514, 0), (2, 1, 2900, 23.8981), (2, 0, 4713, 17.4355), 
(3, 2, 72357, 20.5455), (3, 0, 100829, 22.6932), (3, 1, 119689, 25.588), 

Selection Set: 
Index: 0, Value: (0, 0), Index: 1, Value: (1, 5), Index: 2, Value: (2, 0), Index: 3, Value: (3, 2), 
------------------------------------------------------------------

------------------------------------------------------------------
Image Number: 0
Relative Selection: 
(0, 3, 1720, 0), (0, 2, 2497, 20.6668), (2, 1, 2900, 23.8981), (1, 3, 32412, 23.0058), (3, 0, 100829, 22.6932), 
Schedule Matrix: 
(0, 1, 1508, 0), (0, 3, 1720, 0), (0, 0, 2026, 18.5348), (0, 2, 2497, 20.6668), 
(1, 0, 1214, 0), (1, 4, 3066, 0), (1, 2, 3175, 0), (1, 1, 10384, 0), (1, 3, 32412, 23.0058), (1, 5, 183912, 19.7622), 
(2, 2, 2514, 0), (2, 1, 2900, 23.8981), (2, 0, 4713, 17.9852), 
(3, 2, 72357, 19.5402), (3, 0, 100829, 22.6932), (3, 1, 119689, 25.588), 

Selection Set: 
Index: 0, Value: (0, 3), Index: 1, Value: (1, 5), Index: 2, Value: (2, 0), Index: 3, Value: (3, 2), 
------------------------------------------------------------------

------------------------------------------------------------------
Image Number: 0
Relative Selection: 
(0, 1, 1508, 0), (0, 0, 2026, 18.5348), (2, 1, 2900, 23.8981), (1, 3, 32412, 23.0058), (3, 0, 100829, 22.6932), 
Schedule Matrix: 
(0, 1, 1508, 0), (0, 3, 1720, 29.566), (0, 0, 2026, 18.5348), (0, 2, 2497, 20.6668), 
(1, 0, 1214, 0), (1, 4, 3066, 0), (1, 2, 3175, 0), (1, 1, 10384, 0), (1, 3, 32412, 23.0058), (1, 5, 183912, 24.6641), 
(2, 2, 2514, 0), (2, 1, 2900, 23.8981), (2, 0, 4713, 23.7756), 
(3, 2, 72357, 24.5531), (3, 0, 100829, 22.6932), (3, 1, 119689, 25.588), 

Selection Set: 
Index: 0, Value: (0, 1), Index: 1, Value: (1, 5), Index: 2, Value: (2, 0), Index: 3, Value: (3, 2), 
------------------------------------------------------------------

------------------------------------------------------------------
Image Number: 0
Relative Selection: 
(0, 3, 1720, 29.566), (2, 1, 2900, 23.8981), (1, 3, 32412, 23.0058), (3, 0, 100829, 22.6932), 
Schedule Matrix: 
(0, 1, 1508, 29.6585), (0, 3, 1720, 29.566), (0, 0, 2026, 18.5348), (0, 2, 2497, 20.6668), 
(1, 0, 1214, 0), (1, 4, 3066, 0), (1, 2, 3175, 0), (1, 1, 10384, 0), (1, 3, 32412, 23.0058), (1, 5, 183912, 27.1613), 
(2, 2, 2514, 0), (2, 1, 2900, 23.8981), (2, 0, 4713, 26.717), 
(3, 2, 72357, 27.1058), (3, 0, 100829, 22.6932), (3, 1, 119689, 25.588), 

Selection Set: 
Index: 0, Value: (0, 1), Index: 1, Value: (1, 5), Index: 2, Value: (2, 0), Index: 3, Value: (3, 0), 
------------------------------------------------------------------

------------------------------------------------------------------
Image Number: 0
Relative Selection: 
(0, 3, 1720, 29.566), (2, 1, 2900, 23.8981), (1, 3, 32412, 23.0058), (3, 2, 72357, 27.1058), (3, 1, 119689, 25.588), 
Schedule Matrix: 
(0, 1, 1508, 25.3106), (0, 3, 1720, 29.566), (0, 0, 2026, 18.5348), (0, 2, 2497, 20.6668), 
(1, 0, 1214, 0), (1, 4, 3066, 0), (1, 2, 3175, 0), (1, 1, 10384, 0), (1, 3, 32412, 23.0058), (1, 5, 183912, 24.062), 
(2, 2, 2514, 0), (2, 1, 2900, 23.8981), (2, 0, 4713, 23.8399), 
(3, 2, 72357, 27.1058), (3, 0, 100829, 21.8279), (3, 1, 119689, 25.588), 

Selection Set: 
Index: 0, Value: (0, 1), Index: 1, Value: (1, 5), Index: 2, Value: (2, 0), Index: 3, Value: (3, 1), 
------------------------------------------------------------------

------------------------------------------------------------------
Image Number: 0
Relative Selection: 
(0, 3, 1720, 29.566), (2, 1, 2900, 23.8981), (1, 3, 32412, 23.0058), (3, 0, 100829, 21.8279), 
Schedule Matrix: 
(0, 1, 1508, 19.6724), (0, 3, 1720, 29.566), (0, 0, 2026, 18.5348), (0, 2, 2497, 20.6668), 
(1, 0, 1214, 0), (1, 4, 3066, 0), (1, 2, 3175, 0), (1, 1, 10384, 0), (1, 3, 32412, 23.0058), (1, 5, 183912, 19.048), 
(2, 2, 2514, 0), (2, 1, 2900, 23.8981), (2, 0, 4713, 18.937), 
(3, 2, 72357, 27.1058), (3, 0, 100829, 21.8279), (3, 1, 119689, 19.811), 

Selection Set: 
Index: 0, Value: (0, 1), Index: 1, Value: (1, 5), Index: 2, Value: (2, 0), Index: 3, Value: (3, 0), 
------------------------------------------------------------------

------------------------------------------------------------------
Image Number: 0
Relative Selection: 
(0, 3, 1720, 29.566), (2, 1, 2900, 23.8981), (1, 3, 32412, 23.0058), (3, 2, 72357, 27.1058), (3, 1, 119689, 19.811), 
Schedule Matrix: 
(0, 1, 1508, 17.4468), (0, 3, 1720, 29.566), (0, 0, 2026, 18.5348), (0, 2, 2497, 20.6668), 
(1, 0, 1214, 0), (1, 4, 3066, 0), (1, 2, 3175, 0), (1, 1, 10384, 0), (1, 3, 32412, 23.0058), (1, 5, 183912, 17.1346), 
(2, 2, 2514, 0), (2, 1, 2900, 23.8981), (2, 0, 4713, 17.0791), 
(3, 2, 72357, 27.1058), (3, 0, 100829, 18.5246), (3, 1, 119689, 19.811), 

Selection Set: 
Index: 0, Value: (0, 1), Index: 1, Value: (1, 5), Index: 2, Value: (2, 0), Index: 3, Value: (3, 1), 
------------------------------------------------------------------

------------------------------------------------------------------
Image Number: 0
Relative Selection: 
(0, 3, 1720, 29.566), (2, 1, 2900, 23.8981), (1, 3, 32412, 23.0058), (3, 0, 100829, 18.5246), 
Schedule Matrix: 
(0, 1, 1508, 22.0012), (0, 3, 1720, 29.566), (0, 0, 2026, 18.5348), (0, 2, 2497, 20.6668), 
(1, 0, 1214, 0), (1, 4, 3066, 0), (1, 2, 3175, 0), (1, 1, 10384, 0), (1, 3, 32412, 23.0058), (1, 5, 183912, 21.8451), 
(2, 2, 2514, 0), (2, 1, 2900, 23.8981), (2, 0, 4713, 21.8174), 
(3, 2, 72357, 27.1058), (3, 0, 100829, 18.5246), (3, 1, 119689, 23.1833), 

Selection Set: 
Index: 0, Value: (0, 1), Index: 1, Value: (1, 5), Index: 2, Value: (2, 0), Index: 3, Value: (3, 0), 
------------------------------------------------------------------

------------------------------------------------------------------
Image Number: 0
Relative Selection: 
(0, 3, 1720, 29.566), (2, 1, 2900, 23.8981), (1, 3, 32412, 23.0058), (3, 2, 72357, 27.1058), (3, 1, 119689, 23.1833), 
Schedule Matrix: 
(0, 1, 1508, 22.3926), (0, 3, 1720, 29.566), (0, 0, 2026, 18.5348), (0, 2, 2497, 20.6668), 
(1, 0, 1214, 0), (1, 4, 3066, 0), (1, 2, 3175, 0), (1, 1, 10384, 0), (1, 3, 32412, 23.0058), (1, 5, 183912, 22.3145), 
(2, 2, 2514, 0), (2, 1, 2900, 23.8981), (2, 0, 4713, 22.3006), 
(3, 2, 72357, 27.1058), (3, 0, 100829, 20.6542), (3, 1, 119689, 23.1833), 

Selection Set: 
Index: 0, Value: (0, 1), Index: 1, Value: (1, 5), Index: 2, Value: (2, 0), Index: 3, Value: (3, 1), 
------------------------------------------------------------------

------------------------------------------------------------------
Image Number: 0
Relative Selection: 
(0, 3, 1720, 29.566), (2, 1, 2900, 23.8981), (1, 3, 32412, 23.0058), (3, 0, 100829, 20.6542), 
Schedule Matrix: 
(0, 1, 1508, 23.3987), (0, 3, 1720, 29.566), (0, 0, 2026, 18.5348), (0, 2, 2497, 20.6668), 
(1, 0, 1214, 0), (1, 4, 3066, 0), (1, 2, 3175, 0), (1, 1, 10384, 0), (1, 3, 32412, 23.0058), (1, 5, 183912, 23.3597), 
(2, 2, 2514, 0), (2, 1, 2900, 23.8981), (2, 0, 4713, 23.3527), 
(3, 2, 72357, 27.1058), (3, 0, 100829, 20.6542), (3, 1, 119689, 23.7941), 

Selection Set: 
Index: 0, Value: (0, 1), Index: 1, Value: (1, 5), Index: 2, Value: (2, 0), Index: 3, Value: (3, 0), 
------------------------------------------------------------------

------------------------------------------------------------------
Image Number: 0
Relative Selection: 
(0, 3, 1720, 29.566), (2, 1, 2900, 23.8981), (1, 3, 32412, 23.0058), (3, 2, 72357, 27.1058), (3, 1, 119689, 23.7941), 
Schedule Matrix: 
(0, 1, 1508, 23.3567), (0, 3, 1720, 29.566), (0, 0, 2026, 18.5348), (0, 2, 2497, 20.6668), 
(1, 0, 1214, 0), (1, 4, 3066, 0), (1, 2, 3175, 0), (1, 1, 10384, 0), (1, 3, 32412, 23.0058), (1, 5, 183912, 23.3372), 
(2, 2, 2514, 0), (2, 1, 2900, 23.8981), (2, 0, 4713, 23.3337), 
(3, 2, 72357, 27.1058), (3, 0, 100829, 21.9845), (3, 1, 119689, 23.7941), 

Selection Set: 
Index: 0, Value: (0, 1), Index: 1, Value: (1, 5), Index: 2, Value: (2, 0), Index: 3, Value: (3, 1), 
------------------------------------------------------------------

------------------------------------------------------------------
Image Number: 0
Relative Selection: 
(0, 3, 1720, 29.566), (2, 1, 2900, 23.8981), (1, 3, 32412, 23.0058), (3, 0, 100829, 21.9845), 
Schedule Matrix: 
(0, 1, 1508, 24.2279), (0, 3, 1720, 29.566), (0, 0, 2026, 18.5348), (0, 2, 2497, 20.6668), 
(1, 0, 1214, 0), (1, 4, 3066, 0), (1, 2, 3175, 0), (1, 1, 10384, 0), (1, 3, 32412, 23.0058), (1, 5, 183912, 24.2181), 
(2, 2, 2514, 0), (2, 1, 2900, 23.8981), (2, 0, 4713, 24.2164), 
(3, 2, 72357, 27.1058), (3, 0, 100829, 21.9845), (3, 1, 119689, 24.4466), 

Selection Set: 
Index: 0, Value: (0, 1), Index: 1, Value: (1, 5), Index: 2, Value: (2, 0), Index: 3, Value: (3, 0), 
------------------------------------------------------------------

------------------------------------------------------------------
Image Number: 0
Relative Selection: 
(0, 3, 1720, 29.566), (2, 1, 2900, 23.8981), (1, 3, 32412, 23.0058), (3, 2, 72357, 27.1058), (3, 1, 119689, 24.4466), 
Schedule Matrix: 
(0, 1, 1508, 23.674), (0, 3, 1720, 29.566), (0, 0, 2026, 18.5348), (0, 2, 2497, 20.6668), 
(1, 0, 1214, 0), (1, 4, 3066, 0), (1, 2, 3175, 0), (1, 1, 10384, 0), (1, 3, 32412, 23.0058), (1, 5, 183912, 23.6691), 
(2, 2, 2514, 0), (2, 1, 2900, 23.8981), (2, 0, 4713, 23.6683), 
(3, 2, 72357, 27.1058), (3, 0, 100829, 22.5523), (3, 1, 119689, 24.4466), 

Selection Set: 
Index: 0, Value: (0, 1), Index: 1, Value: (1, 5), Index: 2, Value: (2, 0), Index: 3, Value: (3, 1), 
------------------------------------------------------------------
