Initialization Stage: 


------------------------------------------------------------------
Image Number: 0
Relative Selection: 

Schedule Matrix: 
(0, 1, 1230, 0), (0, 3, 1761, 0), (0, 2, 2463, 0), (0, 0, 5189, 0), 
(1, 0, 1207, 0), (1, 2, 2942, 0), (1, 4, 3079, 0), (1, 1, 9782, 0), (1, 3, 31378, 0), (1, 5, 170964, 0), 
(2, 2, 2492, 0), (2, 1, 2756, 0), (2, 0, 6392, 0), 
(3, 2, 73048, 0), (3, 1, 123742, 0), (3, 0, 137760, 0), 

Selection Set: 
Index: 0, Value: (0, 2), Index: 1, Value: (1, 3), Index: 2, Value: (2, 1), Index: 3, Value: (3, 1), 
------------------------------------------------------------------
Run Time Stage: 


------------------------------------------------------------------
Image Number: 0
Relative Selection: 
(0, 3, 1761, 0), (0, 0, 5189, 0), (1, 1, 9782, 0), (1, 5, 170964, 0), (2, 2, 2492, 0), (2, 0, 6392, 0), (3, 2, 73048, 0), (3, 0, 137760, 0), 
Schedule Matrix: 
(0, 1, 1230, 0), (0, 3, 1761, 0), (0, 2, 2463, 23.0058), (0, 0, 5189, 0), 
(1, 0, 1207, 0), (1, 2, 2942, 0), (1, 4, 3079, 0), (1, 1, 9782, 0), (1, 3, 31378, 23.0058), (1, 5, 170964, 0), 
(2, 2, 2492, 0), (2, 1, 2756, 23.0058), (2, 0, 6392, 0), 
(3, 2, 73048, 0), (3, 1, 123742, 23.0058), (3, 0, 137760, 0), 

Selection Set: 
Index: 0, Value: (0, 2), Index: 1, Value: (1, 3), Index: 2, Value: (2, 1), Index: 3, Value: (3, 0), 
------------------------------------------------------------------

------------------------------------------------------------------
Image Number: 0
Relative Selection: 
(0, 3, 1761, 0), (0, 0, 5189, 0), (1, 1, 9782, 0), (1, 5, 170964, 0), (2, 2, 2492, 0), (2, 0, 6392, 0), (3, 1, 123742, 23.0058), 
Schedule Matrix: 
(0, 1, 1230, 0), (0, 3, 1761, 0), (0, 2, 2463, 24.6202), (0, 0, 5189, 0), 
(1, 0, 1207, 0), (1, 2, 2942, 0), (1, 4, 3079, 0), (1, 1, 9782, 0), (1, 3, 31378, 24.6202), (1, 5, 170964, 0), 
(2, 2, 2492, 0), (2, 1, 2756, 24.6202), (2, 0, 6392, 0), 
(3, 2, 73048, 0), (3, 1, 123742, 23.0058), (3, 0, 137760, 26.2345), 

Selection Set: 
Index: 0, Value: (0, 2), Index: 1, Value: (1, 3), Index: 2, Value: (2, 0), Index: 3, Value: (3, 0), 
------------------------------------------------------------------

------------------------------------------------------------------
Image Number: 0
Relative Selection: 
(0, 3, 1761, 0), (0, 0, 5189, 0), (1, 1, 9782, 0), (1, 5, 170964, 0), (3, 1, 123742, 23.0058), (2, 1, 2756, 24.6202), 
Schedule Matrix: 
(0, 1, 1230, 0), (0, 3, 1761, 0), (0, 2, 2463, 23.6567), (0, 0, 5189, 0), 
(1, 0, 1207, 0), (1, 2, 2942, 0), (1, 4, 3079, 0), (1, 1, 9782, 0), (1, 3, 31378, 23.6567), (1, 5, 170964, 0), 
(2, 2, 2492, 0), (2, 1, 2756, 24.6202), (2, 0, 6392, 22.6932), 
(3, 2, 73048, 0), (3, 1, 123742, 23.0058), (3, 0, 137760, 24.4639), 

Selection Set: 
Index: 0, Value: (0, 2), Index: 1, Value: (1, 5), Index: 2, Value: (2, 0), Index: 3, Value: (3, 0), 
------------------------------------------------------------------

------------------------------------------------------------------
Image Number: 0
Relative Selection: 
(0, 3, 1761, 0), (0, 0, 5189, 0), (3, 1, 123742, 23.0058), (1, 3, 31378, 23.6567), (2, 1, 2756, 24.6202), 
Schedule Matrix: 
(0, 1, 1230, 0), (0, 3, 1761, 0), (0, 2, 2463, 23.3869), (0, 0, 5189, 0), 
(1, 0, 1207, 0), (1, 2, 2942, 0), (1, 4, 3079, 0), (1, 1, 9782, 0), (1, 3, 31378, 23.6567), (1, 5, 170964, 23.1171), 
(2, 2, 2492, 0), (2, 1, 2756, 24.6202), (2, 0, 6392, 22.9052), 
(3, 2, 73048, 0), (3, 1, 123742, 23.0058), (3, 0, 137760, 23.7905), 

Selection Set: 
Index: 0, Value: (0, 0), Index: 1, Value: (1, 5), Index: 2, Value: (2, 0), Index: 3, Value: (3, 0), 
------------------------------------------------------------------

------------------------------------------------------------------
Image Number: 0
Relative Selection: 
(3, 1, 123742, 23.0058), (0, 2, 2463, 23.3869), (1, 3, 31378, 23.6567), (2, 1, 2756, 24.6202), 
Schedule Matrix: 
(0, 1, 1230, 0), (0, 3, 1761, 0), (0, 2, 2463, 23.3869), (0, 0, 5189, 17.4355), 
(1, 0, 1207, 0), (1, 2, 2942, 0), (1, 4, 3079, 0), (1, 1, 9782, 0), (1, 3, 31378, 23.6567), (1, 5, 170964, 20.2763), 
(2, 2, 2492, 0), (2, 1, 2756, 24.6202), (2, 0, 6392, 20.1704), 
(3, 2, 73048, 0), (3, 1, 123742, 23.0058), (3, 0, 137760, 20.613), 

Selection Set: 
Index: 0, Value: (0, 0), Index: 1, Value: (1, 5), Index: 2, Value: (2, 1), Index: 3, Value: (3, 0), 
------------------------------------------------------------------

------------------------------------------------------------------
Image Number: 0
Relative Selection: 
(2, 2, 2492, 0), (2, 0, 6392, 20.1704), (3, 1, 123742, 23.0058), (0, 2, 2463, 23.3869), (1, 3, 31378, 23.6567), 
Schedule Matrix: 
(0, 1, 1230, 0), (0, 3, 1761, 0), (0, 2, 2463, 23.3869), (0, 0, 5189, 17.9852), 
(1, 0, 1207, 0), (1, 2, 2942, 0), (1, 4, 3079, 0), (1, 1, 9782, 0), (1, 3, 31378, 23.6567), (1, 5, 170964, 19.4056), 
(2, 2, 2492, 0), (2, 1, 2756, 21.5775), (2, 0, 6392, 20.1704), 
(3, 2, 73048, 0), (3, 1, 123742, 23.0058), (3, 0, 137760, 19.5739), 

Selection Set: 
Index: 0, Value: (0, 0), Index: 1, Value: (1, 5), Index: 2, Value: (2, 2), Index: 3, Value: (3, 0), 
------------------------------------------------------------------

------------------------------------------------------------------
Image Number: 0
Relative Selection: 
(2, 1, 2756, 21.5775), (3, 1, 123742, 23.0058), (0, 2, 2463, 23.3869), (1, 3, 31378, 23.6567), 
Schedule Matrix: 
(0, 1, 1230, 0), (0, 3, 1761, 0), (0, 2, 2463, 23.3869), (0, 0, 5189, 23.7756), 
(1, 0, 1207, 0), (1, 2, 2942, 0), (1, 4, 3079, 0), (1, 1, 9782, 0), (1, 3, 31378, 23.6567), (1, 5, 170964, 24.4858), 
(2, 2, 2492, 29.566), (2, 1, 2756, 21.5775), (2, 0, 6392, 20.1704), 
(3, 2, 73048, 0), (3, 1, 123742, 23.0058), (3, 0, 137760, 24.5699), 

Selection Set: 
Index: 0, Value: (0, 0), Index: 1, Value: (1, 3), Index: 2, Value: (2, 2), Index: 3, Value: (3, 0), 
------------------------------------------------------------------

------------------------------------------------------------------
Image Number: 0
Relative Selection: 
(1, 1, 9782, 0), (2, 1, 2756, 21.5775), (3, 1, 123742, 23.0058), (0, 2, 2463, 23.3869), (1, 5, 170964, 24.4858), 
Schedule Matrix: 
(0, 1, 1230, 0), (0, 3, 1761, 0), (0, 2, 2463, 23.3869), (0, 0, 5189, 26.7118), 
(1, 0, 1207, 0), (1, 2, 2942, 0), (1, 4, 3079, 0), (1, 1, 9782, 0), (1, 3, 31378, 26.6524), (1, 5, 170964, 24.4858), 
(2, 2, 2492, 29.607), (2, 1, 2756, 21.5775), (2, 0, 6392, 20.1704), 
(3, 2, 73048, 0), (3, 1, 123742, 23.0058), (3, 0, 137760, 27.109), 

Selection Set: 
Index: 0, Value: (0, 0), Index: 1, Value: (1, 1), Index: 2, Value: (2, 2), Index: 3, Value: (3, 0), 
------------------------------------------------------------------

------------------------------------------------------------------
Image Number: 0
Relative Selection: 
(1, 4, 3079, 0), (2, 1, 2756, 21.5775), (3, 1, 123742, 23.0058), (0, 2, 2463, 23.3869), (1, 3, 31378, 26.6524), 
Schedule Matrix: 
(0, 1, 1230, 0), (0, 3, 1761, 0), (0, 2, 2463, 23.3869), (0, 0, 5189, 23.3669), 
(1, 0, 1207, 0), (1, 2, 2942, 0), (1, 4, 3079, 0), (1, 1, 10612, 20.0219), (1, 3, 31378, 26.6524), (1, 5, 170964, 24.4858), 
(2, 2, 2492, 24.8145), (2, 1, 2756, 21.5775), (2, 0, 6392, 20.1704), 
(3, 2, 73048, 0), (3, 1, 123742, 23.0058), (3, 0, 137760, 23.5655), 

Selection Set: 
Index: 0, Value: (0, 0), Index: 1, Value: (1, 4), Index: 2, Value: (2, 2), Index: 3, Value: (3, 0), 
------------------------------------------------------------------

------------------------------------------------------------------
Image Number: 0
Relative Selection: 
(1, 2, 2942, 0), (1, 1, 10612, 20.0219), (2, 1, 2756, 21.5775), (3, 1, 123742, 23.0058), (0, 2, 2463, 23.3869), 
Schedule Matrix: 
(0, 1, 1230, 0), (0, 3, 1761, 0), (0, 2, 2463, 23.3869), (0, 0, 5189, 18.65), 
(1, 0, 1207, 0), (1, 2, 2942, 0), (1, 4, 3079, 13.9331), (1, 1, 10612, 20.0219), (1, 3, 31378, 26.6524), (1, 5, 170964, 24.4858), 
(2, 2, 2492, 19.3738), (2, 1, 2756, 21.5775), (2, 0, 6392, 20.1704), 
(3, 2, 73048, 0), (3, 1, 123742, 23.0058), (3, 0, 137760, 18.7493), 

Selection Set: 
Index: 0, Value: (0, 0), Index: 1, Value: (1, 2), Index: 2, Value: (2, 2), Index: 3, Value: (3, 0), 
------------------------------------------------------------------

------------------------------------------------------------------
Image Number: 0
Relative Selection: 
(1, 0, 1207, 0), (1, 4, 3079, 13.9331), (2, 1, 2756, 21.5775), (3, 1, 123742, 23.0058), (0, 2, 2463, 23.3869), 
Schedule Matrix: 
(0, 1, 1230, 0), (0, 3, 1761, 0), (0, 2, 2463, 23.3869), (0, 0, 5189, 16.7262), 
(1, 0, 1207, 0), (1, 2, 2942, 14.8025), (1, 4, 3079, 13.9331), (1, 1, 10612, 20.0219), (1, 3, 31378, 26.6524), (1, 5, 170964, 24.4858), 
(2, 2, 2492, 17.0881), (2, 1, 2756, 21.5775), (2, 0, 6392, 20.1704), 
(3, 2, 73048, 0), (3, 1, 123742, 23.0058), (3, 0, 137760, 16.7759), 

Selection Set: 
Index: 0, Value: (0, 0), Index: 1, Value: (1, 0), Index: 2, Value: (2, 2), Index: 3, Value: (3, 0), 
------------------------------------------------------------------

------------------------------------------------------------------
Image Number: 0
Relative Selection: 
(1, 2, 2942, 14.8025), (2, 1, 2756, 21.5775), (3, 1, 123742, 23.0058), (0, 2, 2463, 23.3869), 
Schedule Matrix: 
(0, 1, 1230, 0), (0, 3, 1761, 0), (0, 2, 2463, 23.3869), (0, 0, 5189, 20.9), 
(1, 0, 1207, 25.0737), (1, 2, 2942, 14.8025), (1, 4, 3079, 13.9331), (1, 1, 10612, 20.0219), (1, 3, 31378, 26.6524), (1, 5, 170964, 24.4858), 
(2, 2, 2492, 21.0809), (2, 1, 2756, 21.5775), (2, 0, 6392, 20.1704), 
(3, 2, 73048, 0), (3, 1, 123742, 23.0058), (3, 0, 137760, 20.9248), 

Selection Set: 
Index: 0, Value: (0, 2), Index: 1, Value: (1, 0), Index: 2, Value: (2, 2), Index: 3, Value: (3, 0), 
------------------------------------------------------------------

------------------------------------------------------------------
Image Number: 0
Relative Selection: 
(0, 3, 1761, 0), (1, 2, 2942, 14.8025), (0, 0, 5189, 20.9), (2, 1, 2756, 21.5775), (3, 1, 123742, 23.0058), 
Schedule Matrix: 
(0, 1, 1230, 0), (0, 3, 1761, 0), (0, 2, 2463, 22.0172), (0, 0, 5189, 20.9), 
(1, 0, 1207, 22.8606), (1, 2, 2942, 14.8025), (1, 4, 3079, 13.9331), (1, 1, 10612, 20.0219), (1, 3, 31378, 26.6524), (1, 5, 170964, 24.4858), 
(2, 2, 2492, 20.8642), (2, 1, 2756, 21.5775), (2, 0, 6392, 20.1704), 
(3, 2, 73048, 0), (3, 1, 123742, 23.0058), (3, 0, 137760, 20.7861), 

Selection Set: 
Index: 0, Value: (0, 3), Index: 1, Value: (1, 0), Index: 2, Value: (2, 2), Index: 3, Value: (3, 0), 
------------------------------------------------------------------

------------------------------------------------------------------
Image Number: 0
Relative Selection: 
(0, 1, 1230, 0), (1, 2, 2942, 14.8025), (2, 1, 2756, 21.5775), (0, 2, 2463, 22.0172), (3, 1, 123742, 23.0058), 
Schedule Matrix: 
(0, 1, 1230, 0), (0, 3, 1761, 23.0046), (0, 2, 2463, 22.0172), (0, 0, 5189, 20.9), 
(1, 0, 1207, 22.9326), (1, 2, 2942, 14.8025), (1, 4, 3079, 13.9331), (1, 1, 10612, 20.0219), (1, 3, 31378, 26.6524), (1, 5, 170964, 24.4858), 
(2, 2, 2492, 21.9344), (2, 1, 2756, 21.5775), (2, 0, 6392, 20.1704), 
(3, 2, 73048, 0), (3, 1, 123742, 23.0058), (3, 0, 137760, 21.8954), 

Selection Set: 
Index: 0, Value: (0, 1), Index: 1, Value: (1, 0), Index: 2, Value: (2, 2), Index: 3, Value: (3, 0), 
------------------------------------------------------------------

------------------------------------------------------------------
Image Number: 0
Relative Selection: 
(1, 2, 2942, 14.8025), (2, 1, 2756, 21.5775), (0, 3, 1761, 23.0046), (3, 1, 123742, 23.0058), 
Schedule Matrix: 
(0, 1, 1230, 22.4422), (0, 3, 1761, 23.0046), (0, 2, 2463, 22.0172), (0, 0, 5189, 20.9), 
(1, 0, 1207, 22.6874), (1, 2, 2942, 14.8025), (1, 4, 3079, 13.9331), (1, 1, 10612, 20.0219), (1, 3, 31378, 26.6524), (1, 5, 170964, 24.4858), 
(2, 2, 2492, 22.1883), (2, 1, 2756, 21.5775), (2, 0, 6392, 20.1704), 
(3, 2, 73048, 0), (3, 1, 123742, 23.0058), (3, 0, 137760, 22.1688), 

Selection Set: 
Index: 0, Value: (0, 1), Index: 1, Value: (1, 0), Index: 2, Value: (2, 2), Index: 3, Value: (3, 1), 
------------------------------------------------------------------

------------------------------------------------------------------
Image Number: 0
Relative Selection: 
(3, 2, 73048, 0), (1, 2, 2942, 14.8025), (2, 1, 2756, 21.5775), (3, 0, 137760, 22.1688), (0, 3, 1761, 23.0046), 
Schedule Matrix: 
(0, 1, 1230, 23.4375), (0, 3, 1761, 23.0046), (0, 2, 2463, 22.0172), (0, 0, 5189, 20.9), 
(1, 0, 1207, 23.5601), (1, 2, 2942, 14.8025), (1, 4, 3079, 13.9331), (1, 1, 10612, 20.0219), (1, 3, 31378, 26.6524), (1, 5, 170964, 24.4858), 
(2, 2, 2492, 23.3106), (2, 1, 2756, 21.5775), (2, 0, 6392, 20.1704), 
(3, 2, 73048, 0), (3, 1, 123742, 23.7193), (3, 0, 137760, 22.1688), 

Selection Set: 
Index: 0, Value: (0, 1), Index: 1, Value: (1, 0), Index: 2, Value: (2, 2), Index: 3, Value: (3, 2), 
------------------------------------------------------------------

------------------------------------------------------------------
Image Number: 0
Relative Selection: 
(1, 2, 2942, 14.8025), (2, 1, 2756, 21.5775), (0, 3, 1761, 23.0046), (3, 1, 123742, 23.7193), 
Schedule Matrix: 
(0, 1, 1230, 23.6387), (0, 3, 1761, 23.0046), (0, 2, 2463, 22.0172), (0, 0, 5189, 20.9), 
(1, 0, 1207, 23.7), (1, 2, 2942, 14.8025), (1, 4, 3079, 13.9331), (1, 1, 10612, 20.0219), (1, 3, 31378, 26.6524), (1, 5, 170964, 24.4858), 
(2, 2, 2492, 23.5752), (2, 1, 2756, 21.5775), (2, 0, 6392, 20.1704), 
(3, 2, 73048, 23.8399), (3, 1, 123742, 23.7193), (3, 0, 137760, 22.1688), 

Selection Set: 
Index: 0, Value: (0, 1), Index: 1, Value: (1, 0), Index: 2, Value: (2, 2), Index: 3, Value: (3, 1), 
------------------------------------------------------------------
