Initialization Stage: 


------------------------------------------------------------------
Image Number: 0
Relative Selection: 

Schedule Matrix: 
(0, 3, 1723, 0), (0, 2, 2480, 0), (0, 1, 2556, 0), (0, 0, 4485, 0), 
(1, 0, 1233, 0), (1, 2, 3024, 0), (1, 4, 5054, 0), (1, 1, 9761, 0), (1, 3, 30947, 0), (1, 5, 171529, 0), 
(2, 2, 2498, 0), (2, 1, 2778, 0), (2, 0, 6164, 0), 
(3, 2, 68379, 0), (3, 0, 116929, 0), (3, 1, 126221, 0), 

Selection Set: 
Index: 0, Value: (0, 2), Index: 1, Value: (1, 3), Index: 2, Value: (2, 1), Index: 3, Value: (3, 1), 
------------------------------------------------------------------
Run Time Stage: 


------------------------------------------------------------------
Image Number: 0
Relative Selection: 
(0, 3, 1723, 0), (0, 1, 2556, 0), (1, 1, 9761, 0), (1, 5, 171529, 0), (2, 2, 2498, 0), (2, 0, 6164, 0), (3, 0, 116929, 0), 
Schedule Matrix: 
(0, 3, 1723, 0), (0, 2, 2480, 23.0058), (0, 1, 2556, 0), (0, 0, 4485, 0), 
(1, 0, 1233, 0), (1, 2, 3024, 0), (1, 4, 5054, 0), (1, 1, 9761, 0), (1, 3, 30947, 23.0058), (1, 5, 171529, 0), 
(2, 2, 2498, 0), (2, 1, 2778, 23.0058), (2, 0, 6164, 0), 
(3, 2, 68379, 0), (3, 0, 116929, 0), (3, 1, 126221, 23.0058), 

Selection Set: 
Index: 0, Value: (0, 2), Index: 1, Value: (1, 3), Index: 2, Value: (2, 1), Index: 3, Value: (3, 0), 
------------------------------------------------------------------

------------------------------------------------------------------
Image Number: 0
Relative Selection: 
(0, 3, 1723, 0), (0, 1, 2556, 0), (1, 1, 9761, 0), (1, 5, 171529, 0), (2, 2, 2498, 0), (2, 0, 6164, 0), (3, 2, 68379, 0), (3, 1, 126221, 23.0058), 
Schedule Matrix: 
(0, 3, 1723, 0), (0, 2, 2480, 24.6202), (0, 1, 2556, 0), (0, 0, 4485, 0), 
(1, 0, 1233, 0), (1, 2, 3024, 0), (1, 4, 5054, 0), (1, 1, 9761, 0), (1, 3, 30947, 24.6202), (1, 5, 171529, 0), 
(2, 2, 2498, 0), (2, 1, 2778, 24.6202), (2, 0, 6164, 0), 
(3, 2, 68379, 0), (3, 0, 116929, 26.2345), (3, 1, 126221, 23.0058), 

Selection Set: 
Index: 0, Value: (0, 2), Index: 1, Value: (1, 3), Index: 2, Value: (2, 1), Index: 3, Value: (3, 1), 
------------------------------------------------------------------

------------------------------------------------------------------
Image Number: 0
Relative Selection: 
(0, 3, 1723, 0), (0, 1, 2556, 0), (1, 1, 9761, 0), (1, 5, 171529, 0), (2, 2, 2498, 0), (2, 0, 6164, 0), (3, 0, 116929, 26.2345), 
Schedule Matrix: 
(0, 3, 1723, 0), (0, 2, 2480, 23.6567), (0, 1, 2556, 0), (0, 0, 4485, 0), 
(1, 0, 1233, 0), (1, 2, 3024, 0), (1, 4, 5054, 0), (1, 1, 9761, 0), (1, 3, 30947, 23.6567), (1, 5, 171529, 0), 
(2, 2, 2498, 0), (2, 1, 2778, 23.6567), (2, 0, 6164, 0), 
(3, 2, 68379, 0), (3, 0, 116929, 26.2345), (3, 1, 126221, 22.8495), 

Selection Set: 
Index: 0, Value: (0, 2), Index: 1, Value: (1, 3), Index: 2, Value: (2, 1), Index: 3, Value: (3, 0), 
------------------------------------------------------------------

------------------------------------------------------------------
Image Number: 0
Relative Selection: 
(0, 3, 1723, 0), (0, 1, 2556, 0), (1, 1, 9761, 0), (1, 5, 171529, 0), (2, 2, 2498, 0), (2, 0, 6164, 0), (3, 2, 68379, 0), (3, 1, 126221, 22.8495), 
Schedule Matrix: 
(0, 3, 1723, 0), (0, 2, 2480, 22.0418), (0, 1, 2556, 0), (0, 0, 4485, 0), 
(1, 0, 1233, 0), (1, 2, 3024, 0), (1, 4, 5054, 0), (1, 1, 9761, 0), (1, 3, 30947, 22.0418), (1, 5, 171529, 0), 
(2, 2, 2498, 0), (2, 1, 2778, 22.0418), (2, 0, 6164, 0), 
(3, 2, 68379, 0), (3, 0, 116929, 23.3307), (3, 1, 126221, 22.8495), 

Selection Set: 
Index: 0, Value: (0, 2), Index: 1, Value: (1, 3), Index: 2, Value: (2, 1), Index: 3, Value: (3, 1), 
------------------------------------------------------------------

------------------------------------------------------------------
Image Number: 0
Relative Selection: 
(0, 3, 1723, 0), (0, 1, 2556, 0), (1, 1, 9761, 0), (1, 5, 171529, 0), (2, 2, 2498, 0), (2, 0, 6164, 0), (3, 0, 116929, 23.3307), 
Schedule Matrix: 
(0, 3, 1723, 0), (0, 2, 2480, 19.7387), (0, 1, 2556, 0), (0, 0, 4485, 0), 
(1, 0, 1233, 0), (1, 2, 3024, 0), (1, 4, 5054, 0), (1, 1, 9761, 0), (1, 3, 30947, 19.7387), (1, 5, 171529, 0), 
(2, 2, 2498, 0), (2, 1, 2778, 19.7387), (2, 0, 6164, 0), 
(3, 2, 68379, 0), (3, 0, 116929, 23.3307), (3, 1, 126221, 20.1425), 

Selection Set: 
Index: 0, Value: (0, 2), Index: 1, Value: (1, 3), Index: 2, Value: (2, 1), Index: 3, Value: (3, 0), 
------------------------------------------------------------------

------------------------------------------------------------------
Image Number: 0
Relative Selection: 
(0, 3, 1723, 0), (0, 1, 2556, 0), (1, 1, 9761, 0), (1, 5, 171529, 0), (2, 2, 2498, 0), (2, 0, 6164, 0), (3, 2, 68379, 0), (3, 1, 126221, 20.1425), 
Schedule Matrix: 
(0, 3, 1723, 0), (0, 2, 2480, 19.0595), (0, 1, 2556, 0), (0, 0, 4485, 0), 
(1, 0, 1233, 0), (1, 2, 3024, 0), (1, 4, 5054, 0), (1, 1, 9761, 0), (1, 3, 30947, 19.0595), (1, 5, 171529, 0), 
(2, 2, 2498, 0), (2, 1, 2778, 19.0595), (2, 0, 6164, 0), 
(3, 2, 68379, 0), (3, 0, 116929, 20.8555), (3, 1, 126221, 20.1425), 

Selection Set: 
Index: 0, Value: (0, 2), Index: 1, Value: (1, 3), Index: 2, Value: (2, 1), Index: 3, Value: (3, 1), 
------------------------------------------------------------------

------------------------------------------------------------------
Image Number: 0
Relative Selection: 
(0, 3, 1723, 0), (0, 1, 2556, 0), (1, 1, 9761, 0), (1, 5, 171529, 0), (2, 2, 2498, 0), (2, 0, 6164, 0), (3, 0, 116929, 20.8555), 
Schedule Matrix: 
(0, 3, 1723, 0), (0, 2, 2480, 22.5309), (0, 1, 2556, 0), (0, 0, 4485, 0), 
(1, 0, 1233, 0), (1, 2, 3024, 0), (1, 4, 5054, 0), (1, 1, 9761, 0), (1, 3, 30947, 22.5309), (1, 5, 171529, 0), 
(2, 2, 2498, 0), (2, 1, 2778, 22.5309), (2, 0, 6164, 0), 
(3, 2, 68379, 0), (3, 0, 116929, 20.8555), (3, 1, 126221, 23.0724), 

Selection Set: 
Index: 0, Value: (0, 2), Index: 1, Value: (1, 3), Index: 2, Value: (2, 1), Index: 3, Value: (3, 0), 
------------------------------------------------------------------

------------------------------------------------------------------
Image Number: 0
Relative Selection: 
(0, 3, 1723, 0), (0, 1, 2556, 0), (1, 1, 9761, 0), (1, 5, 171529, 0), (2, 2, 2498, 0), (2, 0, 6164, 0), (3, 2, 68379, 0), (3, 1, 126221, 23.0724), 
Schedule Matrix: 
(0, 3, 1723, 0), (0, 2, 2480, 22.6282), (0, 1, 2556, 0), (0, 0, 4485, 0), 
(1, 0, 1233, 0), (1, 2, 3024, 0), (1, 4, 5054, 0), (1, 1, 9761, 0), (1, 3, 30947, 22.6282), (1, 5, 171529, 0), 
(2, 2, 2498, 0), (2, 1, 2778, 22.6282), (2, 0, 6164, 0), 
(3, 2, 68379, 0), (3, 0, 116929, 21.7905), (3, 1, 126221, 23.0724), 

Selection Set: 
Index: 0, Value: (0, 2), Index: 1, Value: (1, 3), Index: 2, Value: (2, 1), Index: 3, Value: (3, 1), 
------------------------------------------------------------------

------------------------------------------------------------------
Image Number: 0
Relative Selection: 
(0, 3, 1723, 0), (0, 1, 2556, 0), (1, 1, 9761, 0), (1, 5, 171529, 0), (2, 2, 2498, 0), (2, 0, 6164, 0), (3, 0, 116929, 21.7905), 
Schedule Matrix: 
(0, 3, 1723, 0), (0, 2, 2480, 20.6173), (0, 1, 2556, 0), (0, 0, 4485, 0), 
(1, 0, 1233, 0), (1, 2, 3024, 0), (1, 4, 5054, 0), (1, 1, 9761, 0), (1, 3, 30947, 20.6173), (1, 5, 171529, 0), 
(2, 2, 2498, 0), (2, 1, 2778, 20.6173), (2, 0, 6164, 0), 
(3, 2, 68379, 0), (3, 0, 116929, 21.7905), (3, 1, 126221, 20.8395), 

Selection Set: 
Index: 0, Value: (0, 2), Index: 1, Value: (1, 3), Index: 2, Value: (2, 1), Index: 3, Value: (3, 0), 
------------------------------------------------------------------

------------------------------------------------------------------
Image Number: 0
Relative Selection: 
(0, 3, 1723, 0), (0, 1, 2556, 0), (1, 1, 9761, 0), (1, 5, 171529, 0), (2, 2, 2498, 0), (2, 0, 6164, 0), (3, 2, 68379, 0), (3, 1, 126221, 20.8395), 
Schedule Matrix: 
(0, 3, 1723, 0), (0, 2, 2480, 17.234), (0, 1, 2556, 0), (0, 0, 4485, 0), 
(1, 0, 1233, 0), (1, 2, 3024, 0), (1, 4, 5054, 0), (1, 1, 9761, 0), (1, 3, 30947, 17.234), (1, 5, 171529, 0), 
(2, 2, 2498, 0), (2, 1, 2778, 17.234), (2, 0, 6164, 0), 
(3, 2, 68379, 0), (3, 0, 116929, 17.8206), (3, 1, 126221, 20.8395), 

Selection Set: 
Index: 0, Value: (0, 2), Index: 1, Value: (1, 3), Index: 2, Value: (2, 1), Index: 3, Value: (3, 1), 
------------------------------------------------------------------

------------------------------------------------------------------
Image Number: 0
Relative Selection: 
(0, 3, 1723, 0), (0, 1, 2556, 0), (1, 1, 9761, 0), (1, 5, 171529, 0), (2, 2, 2498, 0), (2, 0, 6164, 0), (3, 0, 116929, 17.8206), 
Schedule Matrix: 
(0, 3, 1723, 0), (0, 2, 2480, 16.2628), (0, 1, 2556, 0), (0, 0, 4485, 0), 
(1, 0, 1233, 0), (1, 2, 3024, 0), (1, 4, 5054, 0), (1, 1, 9761, 0), (1, 3, 30947, 16.2628), (1, 5, 171529, 0), 
(2, 2, 2498, 0), (2, 1, 2778, 16.2628), (2, 0, 6164, 0), 
(3, 2, 68379, 0), (3, 0, 116929, 17.8206), (3, 1, 126221, 18.0655), 

Selection Set: 
Index: 0, Value: (0, 2), Index: 1, Value: (1, 3), Index: 2, Value: (2, 1), Index: 3, Value: (3, 0), 
------------------------------------------------------------------

------------------------------------------------------------------
Image Number: 0
Relative Selection: 
(0, 3, 1723, 0), (0, 1, 2556, 0), (1, 1, 9761, 0), (1, 5, 171529, 0), (2, 2, 2498, 0), (2, 0, 6164, 0), (3, 2, 68379, 0), (3, 1, 126221, 18.0655), 
Schedule Matrix: 
(0, 3, 1723, 0), (0, 2, 2480, 18.3075), (0, 1, 2556, 0), (0, 0, 4485, 0), 
(1, 0, 1233, 0), (1, 2, 3024, 0), (1, 4, 5054, 0), (1, 1, 9761, 0), (1, 3, 30947, 18.3075), (1, 5, 171529, 0), 
(2, 2, 2498, 0), (2, 1, 2778, 18.3075), (2, 0, 6164, 0), 
(3, 2, 68379, 0), (3, 0, 116929, 19.0865), (3, 1, 126221, 18.0655), 

Selection Set: 
Index: 0, Value: (0, 2), Index: 1, Value: (1, 3), Index: 2, Value: (2, 1), Index: 3, Value: (3, 1), 
------------------------------------------------------------------

------------------------------------------------------------------
Image Number: 0
Relative Selection: 
(0, 3, 1723, 0), (0, 1, 2556, 0), (1, 1, 9761, 0), (1, 5, 171529, 0), (2, 2, 2498, 0), (2, 0, 6164, 0), (3, 0, 116929, 19.0865), 
Schedule Matrix: 
(0, 3, 1723, 0), (0, 2, 2480, 19.7839), (0, 1, 2556, 0), (0, 0, 4485, 0), 
(1, 0, 1233, 0), (1, 2, 3024, 0), (1, 4, 5054, 0), (1, 1, 9761, 0), (1, 3, 30947, 19.7839), (1, 5, 171529, 0), 
(2, 2, 2498, 0), (2, 1, 2778, 19.7839), (2, 0, 6164, 0), 
(3, 2, 68379, 0), (3, 0, 116929, 19.0865), (3, 1, 126221, 19.6628), 

Selection Set: 
Index: 0, Value: (0, 2), Index: 1, Value: (1, 3), Index: 2, Value: (2, 1), Index: 3, Value: (3, 0), 
------------------------------------------------------------------

------------------------------------------------------------------
Image Number: 0
Relative Selection: 
(0, 3, 1723, 0), (0, 1, 2556, 0), (1, 1, 9761, 0), (1, 5, 171529, 0), (2, 2, 2498, 0), (2, 0, 6164, 0), (3, 2, 68379, 0), (3, 1, 126221, 19.6628), 
Schedule Matrix: 
(0, 3, 1723, 0), (0, 2, 2480, 20.1928), (0, 1, 2556, 0), (0, 0, 4485, 0), 
(1, 0, 1233, 0), (1, 2, 3024, 0), (1, 4, 5054, 0), (1, 1, 9761, 0), (1, 3, 30947, 20.1928), (1, 5, 171529, 0), 
(2, 2, 2498, 0), (2, 1, 2778, 20.1928), (2, 0, 6164, 0), 
(3, 2, 68379, 0), (3, 0, 116929, 19.8441), (3, 1, 126221, 19.6628), 

Selection Set: 
Index: 0, Value: (0, 2), Index: 1, Value: (1, 3), Index: 2, Value: (2, 1), Index: 3, Value: (3, 1), 
------------------------------------------------------------------

------------------------------------------------------------------
Image Number: 0
Relative Selection: 
(0, 3, 1723, 0), (0, 1, 2556, 0), (1, 1, 9761, 0), (1, 5, 171529, 0), (2, 2, 2498, 0), (2, 0, 6164, 0), (3, 0, 116929, 19.8441), 
Schedule Matrix: 
(0, 3, 1723, 0), (0, 2, 2480, 20.8665), (0, 1, 2556, 0), (0, 0, 4485, 0), 
(1, 0, 1233, 0), (1, 2, 3024, 0), (1, 4, 5054, 0), (1, 1, 9761, 0), (1, 3, 30947, 20.8665), (1, 5, 171529, 0), 
(2, 2, 2498, 0), (2, 1, 2778, 20.8665), (2, 0, 6164, 0), 
(3, 2, 68379, 0), (3, 0, 116929, 19.8441), (3, 1, 126221, 20.6015), 

Selection Set: 
Index: 0, Value: (0, 2), Index: 1, Value: (1, 3), Index: 2, Value: (2, 1), Index: 3, Value: (3, 0), 
------------------------------------------------------------------

------------------------------------------------------------------
Image Number: 0
Relative Selection: 
(0, 3, 1723, 0), (0, 1, 2556, 0), (1, 1, 9761, 0), (1, 5, 171529, 0), (2, 2, 2498, 0), (2, 0, 6164, 0), (3, 2, 68379, 0), (3, 1, 126221, 20.6015), 
Schedule Matrix: 
(0, 3, 1723, 0), (0, 2, 2480, 21.042), (0, 1, 2556, 0), (0, 0, 4485, 0), 
(1, 0, 1233, 0), (1, 2, 3024, 0), (1, 4, 5054, 0), (1, 1, 9761, 0), (1, 3, 30947, 21.042), (1, 5, 171529, 0), 
(2, 2, 2498, 0), (2, 1, 2778, 21.042), (2, 0, 6164, 0), 
(3, 2, 68379, 0), (3, 0, 116929, 20.5308), (3, 1, 126221, 20.6015), 

Selection Set: 
Index: 0, Value: (0, 2), Index: 1, Value: (1, 3), Index: 2, Value: (2, 1), Index: 3, Value: (3, 1), 
------------------------------------------------------------------

------------------------------------------------------------------
Image Number: 0
Relative Selection: 
(0, 3, 1723, 0), (0, 1, 2556, 0), (1, 1, 9761, 0), (1, 5, 171529, 0), (2, 2, 2498, 0), (2, 0, 6164, 0), (3, 0, 116929, 20.5308), 
Schedule Matrix: 
(0, 3, 1723, 0), (0, 2, 2480, 20.584), (0, 1, 2556, 0), (0, 0, 4485, 0), 
(1, 0, 1233, 0), (1, 2, 3024, 0), (1, 4, 5054, 0), (1, 1, 9761, 0), (1, 3, 30947, 20.584), (1, 5, 171529, 0), 
(2, 2, 2498, 0), (2, 1, 2778, 20.584), (2, 0, 6164, 0), 
(3, 2, 68379, 0), (3, 0, 116929, 20.5308), (3, 1, 126221, 20.3637), 

Selection Set: 
Index: 0, Value: (0, 2), Index: 1, Value: (1, 3), Index: 2, Value: (2, 1), Index: 3, Value: (3, 0), 
------------------------------------------------------------------
