Initialization Stage: 


------------------------------------------------------------------
Image Number: 0
Relative Selection: 

Schedule Matrix: 
(0, 3, 1706, 0), (0, 1, 1856, 0), (0, 0, 2024, 0), (0, 2, 2911, 0), 
(1, 0, 1226, 0), (1, 2, 3021, 0), (1, 4, 3052, 0), (1, 1, 9747, 0), (1, 3, 31311, 0), (1, 5, 176945, 0), 
(2, 2, 2658, 0), (2, 1, 2848, 0), (2, 0, 5785, 0), 
(3, 2, 74901, 0), (3, 1, 118128, 0), (3, 0, 127202, 0), 

Selection Set: 
Index: 0, Value: (0, 2), Index: 1, Value: (1, 3), Index: 2, Value: (2, 1), Index: 3, Value: (3, 1), 
------------------------------------------------------------------
Run Time Stage: 


------------------------------------------------------------------
Image Number: 0
Relative Selection: 
(0, 0, 2024, 0), (2, 2, 2658, 0), (2, 0, 5785, 0), (1, 1, 9747, 0), (3, 2, 74901, 0), (3, 0, 127202, 0), (1, 5, 176945, 0), 
Schedule Matrix: 
(0, 3, 1706, 0), (0, 1, 1856, 0), (0, 0, 2024, 0), (0, 2, 2911, 23.0058), 
(1, 0, 1226, 0), (1, 2, 3021, 0), (1, 4, 3052, 0), (1, 1, 9747, 0), (1, 3, 31311, 23.0058), (1, 5, 176945, 0), 
(2, 2, 2658, 0), (2, 1, 2848, 23.0058), (2, 0, 5785, 0), 
(3, 2, 74901, 0), (3, 1, 118128, 23.0058), (3, 0, 127202, 0), 

Selection Set: 
Index: 0, Value: (0, 0), Index: 1, Value: (1, 3), Index: 2, Value: (2, 1), Index: 3, Value: (3, 1), 
------------------------------------------------------------------

------------------------------------------------------------------
Image Number: 0
Relative Selection: 
(0, 1, 1856, 0), (2, 2, 2658, 0), (0, 2, 2911, 23.0058), (2, 0, 5785, 0), (1, 1, 9747, 0), (3, 2, 74901, 0), (3, 0, 127202, 0), (1, 5, 176945, 0), 
Schedule Matrix: 
(0, 3, 1706, 0), (0, 1, 1856, 0), (0, 0, 2024, 28.1701), (0, 2, 2911, 23.0058), 
(1, 0, 1226, 0), (1, 2, 3021, 0), (1, 4, 3052, 0), (1, 1, 9747, 0), (1, 3, 31311, 25.588), (1, 5, 176945, 0), 
(2, 2, 2658, 0), (2, 1, 2848, 25.588), (2, 0, 5785, 0), 
(3, 2, 74901, 0), (3, 1, 118128, 25.588), (3, 0, 127202, 0), 

Selection Set: 
Index: 0, Value: (0, 1), Index: 1, Value: (1, 3), Index: 2, Value: (2, 1), Index: 3, Value: (3, 1), 
------------------------------------------------------------------

------------------------------------------------------------------
Image Number: 0
Relative Selection: 
(0, 3, 1706, 0), (0, 0, 2024, 28.1701), (2, 2, 2658, 0), (2, 0, 5785, 0), (1, 1, 9747, 0), (3, 2, 74901, 0), (3, 0, 127202, 0), (1, 5, 176945, 0), 
Schedule Matrix: 
(0, 3, 1706, 0), (0, 1, 1856, 22.6932), (0, 0, 2024, 28.1701), (0, 2, 2911, 23.0058), 
(1, 0, 1226, 0), (1, 2, 3021, 0), (1, 4, 3052, 0), (1, 1, 9747, 0), (1, 3, 31311, 24.1406), (1, 5, 176945, 0), 
(2, 2, 2658, 0), (2, 1, 2848, 24.1406), (2, 0, 5785, 0), 
(3, 2, 74901, 0), (3, 1, 118128, 24.1406), (3, 0, 127202, 0), 

Selection Set: 
Index: 0, Value: (0, 3), Index: 1, Value: (1, 3), Index: 2, Value: (2, 1), Index: 3, Value: (3, 1), 
------------------------------------------------------------------

------------------------------------------------------------------
Image Number: 0
Relative Selection: 
(0, 1, 1856, 22.6932), (2, 2, 2658, 0), (2, 0, 5785, 0), (1, 1, 9747, 0), (3, 2, 74901, 0), (3, 0, 127202, 0), (1, 5, 176945, 0), 
Schedule Matrix: 
(0, 3, 1706, 23.445), (0, 1, 1856, 22.6932), (0, 0, 2024, 28.1701), (0, 2, 2911, 23.0058), 
(1, 0, 1226, 0), (1, 2, 3021, 0), (1, 4, 3052, 0), (1, 1, 9747, 0), (1, 3, 31311, 23.7928), (1, 5, 176945, 0), 
(2, 2, 2658, 0), (2, 1, 2848, 23.7928), (2, 0, 5785, 0), 
(3, 2, 74901, 0), (3, 1, 118128, 23.7928), (3, 0, 127202, 0), 

Selection Set: 
Index: 0, Value: (0, 3), Index: 1, Value: (1, 3), Index: 2, Value: (2, 2), Index: 3, Value: (3, 1), 
------------------------------------------------------------------

------------------------------------------------------------------
Image Number: 0
Relative Selection: 
(0, 1, 1856, 22.6932), (2, 1, 2848, 23.7928), (1, 1, 9747, 0), (3, 2, 74901, 0), (3, 0, 127202, 0), (1, 5, 176945, 0), 
Schedule Matrix: 
(0, 3, 1706, 20.4403), (0, 1, 1856, 22.6932), (0, 0, 2024, 28.1701), (0, 2, 2911, 23.0058), 
(1, 0, 1226, 0), (1, 2, 3021, 0), (1, 4, 3052, 0), (1, 1, 9747, 0), (1, 3, 31311, 20.6142), (1, 5, 176945, 0), 
(2, 2, 2658, 17.4355), (2, 1, 2848, 23.7928), (2, 0, 5785, 0), 
(3, 2, 74901, 0), (3, 1, 118128, 20.6142), (3, 0, 127202, 0), 

Selection Set: 
Index: 0, Value: (0, 3), Index: 1, Value: (1, 1), Index: 2, Value: (2, 2), Index: 3, Value: (3, 1), 
------------------------------------------------------------------

------------------------------------------------------------------
Image Number: 0
Relative Selection: 
(0, 1, 1856, 22.6932), (2, 1, 2848, 23.7928), (1, 4, 3052, 0), (1, 3, 31311, 20.6142), (3, 2, 74901, 0), (3, 0, 127202, 0), 
Schedule Matrix: 
(0, 3, 1706, 19.4875), (0, 1, 1856, 22.6932), (0, 0, 2024, 28.1701), (0, 2, 2911, 23.0058), 
(1, 0, 1226, 0), (1, 2, 3021, 0), (1, 4, 3052, 0), (1, 1, 9747, 18.5348), (1, 3, 31311, 20.6142), (1, 5, 176945, 0), 
(2, 2, 2658, 17.9852), (2, 1, 2848, 23.7928), (2, 0, 5785, 0), 
(3, 2, 74901, 0), (3, 1, 118128, 19.5745), (3, 0, 127202, 0), 

Selection Set: 
Index: 0, Value: (0, 3), Index: 1, Value: (1, 4), Index: 2, Value: (2, 2), Index: 3, Value: (3, 1), 
------------------------------------------------------------------

------------------------------------------------------------------
Image Number: 0
Relative Selection: 
(0, 1, 1856, 22.6932), (2, 1, 2848, 23.7928), (1, 2, 3021, 0), (1, 1, 9747, 18.5348), (3, 2, 74901, 0), (3, 0, 127202, 0), 
Schedule Matrix: 
(0, 3, 1706, 23.8881), (0, 1, 1856, 22.6932), (0, 0, 2024, 28.1701), (0, 2, 2911, 23.0058), 
(1, 0, 1226, 0), (1, 2, 3021, 0), (1, 4, 3052, 28.2887), (1, 1, 9747, 18.5348), (1, 3, 31311, 20.6142), (1, 5, 176945, 0), 
(2, 2, 2658, 23.1369), (2, 1, 2848, 23.7928), (2, 0, 5785, 0), 
(3, 2, 74901, 0), (3, 1, 118128, 23.9316), (3, 0, 127202, 0), 

Selection Set: 
Index: 0, Value: (0, 3), Index: 1, Value: (1, 2), Index: 2, Value: (2, 2), Index: 3, Value: (3, 1), 
------------------------------------------------------------------

------------------------------------------------------------------
Image Number: 0
Relative Selection: 
(1, 0, 1226, 0), (0, 1, 1856, 22.6932), (2, 1, 2848, 23.7928), (1, 4, 3052, 28.2887), (3, 2, 74901, 0), (3, 0, 127202, 0), 
Schedule Matrix: 
(0, 3, 1706, 18.295), (0, 1, 1856, 22.6932), (0, 0, 2024, 28.1701), (0, 2, 2911, 23.0058), 
(1, 0, 1226, 0), (1, 2, 3021, 12.702), (1, 4, 3052, 28.2887), (1, 1, 9747, 18.5348), (1, 3, 31311, 20.6142), (1, 5, 176945, 0), 
(2, 2, 2658, 17.9195), (2, 1, 2848, 23.7928), (2, 0, 5785, 0), 
(3, 2, 74901, 0), (3, 1, 137062, 18.3168), (3, 0, 127202, 0), 

Selection Set: 
Index: 0, Value: (0, 3), Index: 1, Value: (1, 0), Index: 2, Value: (2, 2), Index: 3, Value: (3, 1), 
------------------------------------------------------------------

------------------------------------------------------------------
Image Number: 0
Relative Selection: 
(0, 1, 1856, 22.6932), (2, 1, 2848, 23.7928), (1, 2, 3021, 12.702), (3, 2, 74901, 0), (3, 0, 127202, 0), 
Schedule Matrix: 
(0, 3, 1706, 19.6289), (0, 1, 1856, 22.6932), (0, 0, 2024, 28.1701), (0, 2, 2911, 23.0058), 
(1, 0, 1226, 20.9627), (1, 2, 3021, 12.702), (1, 4, 3052, 28.2887), (1, 1, 9747, 18.5348), (1, 3, 31311, 20.6142), (1, 5, 176945, 0), 
(2, 2, 2658, 19.4411), (2, 1, 2848, 23.7928), (2, 0, 5785, 0), 
(3, 2, 74901, 0), (3, 1, 137062, 19.6397), (3, 0, 127202, 0), 

Selection Set: 
Index: 0, Value: (0, 3), Index: 1, Value: (1, 0), Index: 2, Value: (2, 2), Index: 3, Value: (3, 2), 
------------------------------------------------------------------

------------------------------------------------------------------
Image Number: 0
Relative Selection: 
(0, 1, 1856, 22.6932), (2, 1, 2848, 23.7928), (1, 2, 3021, 12.702), (3, 1, 137062, 19.6397), 
Schedule Matrix: 
(0, 3, 1706, 16.8315), (0, 1, 1856, 22.6932), (0, 0, 2024, 28.1701), (0, 2, 2911, 23.0058), 
(1, 0, 1226, 17.4984), (1, 2, 3021, 12.702), (1, 4, 3052, 28.2887), (1, 1, 9747, 18.5348), (1, 3, 31311, 20.6142), (1, 5, 176945, 0), 
(2, 2, 2658, 16.7376), (2, 1, 2848, 23.7928), (2, 0, 5785, 0), 
(3, 2, 74901, 14.0341), (3, 1, 137062, 19.6397), (3, 0, 127202, 0), 

Selection Set: 
Index: 0, Value: (0, 1), Index: 1, Value: (1, 0), Index: 2, Value: (2, 2), Index: 3, Value: (3, 2), 
------------------------------------------------------------------

------------------------------------------------------------------
Image Number: 0
Relative Selection: 
(0, 3, 1706, 16.8315), (0, 0, 2024, 28.1701), (2, 1, 2848, 23.7928), (1, 2, 3021, 12.702), (3, 1, 137062, 19.6397), 
Schedule Matrix: 
(0, 3, 1706, 16.8315), (0, 1, 1856, 18.9924), (0, 0, 2024, 28.1701), (0, 2, 2911, 23.0058), 
(1, 0, 1226, 16.395), (1, 2, 3021, 12.702), (1, 4, 3052, 28.2887), (1, 1, 9747, 18.5348), (1, 3, 31311, 20.6142), (1, 5, 176945, 0), 
(2, 2, 2658, 16.0146), (2, 1, 2848, 23.7928), (2, 0, 5785, 0), 
(3, 2, 74901, 14.6628), (3, 1, 137062, 19.6397), (3, 0, 127202, 0), 

Selection Set: 
Index: 0, Value: (0, 3), Index: 1, Value: (1, 0), Index: 2, Value: (2, 2), Index: 3, Value: (3, 2), 
------------------------------------------------------------------

------------------------------------------------------------------
Image Number: 0
Relative Selection: 
(0, 1, 1856, 18.9924), (2, 1, 2848, 23.7928), (1, 2, 3021, 12.702), (3, 1, 137062, 19.6397), 
Schedule Matrix: 
(0, 3, 1706, 21.6936), (0, 1, 1856, 18.9924), (0, 0, 2024, 28.1701), (0, 2, 2911, 23.0058), 
(1, 0, 1226, 21.4753), (1, 2, 3021, 12.702), (1, 4, 3052, 28.2887), (1, 1, 9747, 18.5348), (1, 3, 31311, 20.6142), (1, 5, 176945, 0), 
(2, 2, 2658, 21.2851), (2, 1, 2848, 23.7928), (2, 0, 5785, 0), 
(3, 2, 74901, 20.6092), (3, 1, 137062, 19.6397), (3, 0, 127202, 0), 

Selection Set: 
Index: 0, Value: (0, 1), Index: 1, Value: (1, 0), Index: 2, Value: (2, 2), Index: 3, Value: (3, 2), 
------------------------------------------------------------------

------------------------------------------------------------------
Image Number: 0
Relative Selection: 
(0, 3, 1706, 21.6936), (0, 0, 2024, 28.1701), (2, 1, 2848, 23.7928), (1, 2, 3021, 12.702), (3, 1, 137062, 19.6397), 
Schedule Matrix: 
(0, 3, 1706, 21.6936), (0, 1, 1856, 21.0511), (0, 0, 2024, 28.1701), (0, 2, 2911, 23.0058), 
(1, 0, 1226, 22.2926), (1, 2, 3021, 12.702), (1, 4, 3052, 28.2887), (1, 1, 9747, 18.5348), (1, 3, 31311, 20.6142), (1, 5, 176945, 0), 
(2, 2, 2658, 22.1975), (2, 1, 2848, 23.7928), (2, 0, 5785, 0), 
(3, 2, 74901, 21.8596), (3, 1, 137062, 19.6397), (3, 0, 127202, 0), 

Selection Set: 
Index: 0, Value: (0, 3), Index: 1, Value: (1, 0), Index: 2, Value: (2, 2), Index: 3, Value: (3, 2), 
------------------------------------------------------------------

------------------------------------------------------------------
Image Number: 0
Relative Selection: 
(0, 1, 1856, 21.0511), (2, 1, 2848, 23.7928), (1, 2, 3021, 12.702), (3, 1, 137062, 19.6397), 
Schedule Matrix: 
(0, 3, 1706, 23.0492), (0, 1, 1856, 21.0511), (0, 0, 2024, 28.1701), (0, 2, 2911, 23.0058), 
(1, 0, 1226, 23.3487), (1, 2, 3021, 12.702), (1, 4, 3052, 28.2887), (1, 1, 9747, 18.5348), (1, 3, 31311, 20.6142), (1, 5, 176945, 0), 
(2, 2, 2658, 23.3012), (2, 1, 2848, 23.7928), (2, 0, 5785, 0), 
(3, 2, 74901, 23.1322), (3, 1, 137062, 19.6397), (3, 0, 127202, 0), 

Selection Set: 
Index: 0, Value: (0, 1), Index: 1, Value: (1, 0), Index: 2, Value: (2, 2), Index: 3, Value: (3, 2), 
------------------------------------------------------------------

------------------------------------------------------------------
Image Number: 0
Relative Selection: 
(0, 3, 1706, 23.0492), (0, 0, 2024, 28.1701), (2, 1, 2848, 23.7928), (1, 2, 3021, 12.702), (3, 1, 137062, 19.6397), 
Schedule Matrix: 
(0, 3, 1706, 23.0492), (0, 1, 1856, 22.2134), (0, 0, 2024, 28.1701), (0, 2, 2911, 23.0058), 
(1, 0, 1226, 23.3621), (1, 2, 3021, 12.702), (1, 4, 3052, 28.2887), (1, 1, 9747, 18.5348), (1, 3, 31311, 20.6142), (1, 5, 176945, 0), 
(2, 2, 2658, 23.3384), (2, 1, 2848, 23.7928), (2, 0, 5785, 0), 
(3, 2, 74901, 23.2539), (3, 1, 137062, 19.6397), (3, 0, 127202, 0), 

Selection Set: 
Index: 0, Value: (0, 3), Index: 1, Value: (1, 0), Index: 2, Value: (2, 2), Index: 3, Value: (3, 2), 
------------------------------------------------------------------

------------------------------------------------------------------
Image Number: 0
Relative Selection: 
(0, 1, 1856, 22.2134), (2, 1, 2848, 23.7928), (1, 2, 3021, 12.702), (3, 1, 137062, 19.6397), 
Schedule Matrix: 
(0, 3, 1706, 24.0741), (0, 1, 1856, 22.2134), (0, 0, 2024, 28.1701), (0, 2, 2911, 23.0058), 
(1, 0, 1226, 24.2306), (1, 2, 3021, 12.702), (1, 4, 3052, 28.2887), (1, 1, 9747, 18.5348), (1, 3, 31311, 20.6142), (1, 5, 176945, 0), 
(2, 2, 2658, 24.2187), (2, 1, 2848, 23.7928), (2, 0, 5785, 0), 
(3, 2, 74901, 24.1765), (3, 1, 137062, 19.6397), (3, 0, 127202, 0), 

Selection Set: 
Index: 0, Value: (0, 1), Index: 1, Value: (1, 0), Index: 2, Value: (2, 2), Index: 3, Value: (3, 2), 
------------------------------------------------------------------

------------------------------------------------------------------
Image Number: 0
Relative Selection: 
(0, 3, 1706, 24.0741), (0, 0, 2024, 28.1701), (2, 1, 2848, 23.7928), (1, 2, 3021, 12.702), (3, 1, 137062, 19.6397), 
Schedule Matrix: 
(0, 3, 1706, 24.0741), (0, 1, 1856, 23.0266), (0, 0, 2024, 28.1701), (0, 2, 2911, 23.0058), 
(1, 0, 1226, 24.0353), (1, 2, 3021, 12.702), (1, 4, 3052, 28.2887), (1, 1, 9747, 18.5348), (1, 3, 31311, 20.6142), (1, 5, 176945, 0), 
(2, 2, 2658, 24.0293), (2, 1, 2848, 23.7928), (2, 0, 5785, 0), 
(3, 2, 74901, 24.0082), (3, 1, 137062, 19.6397), (3, 0, 127202, 0), 

Selection Set: 
Index: 0, Value: (0, 3), Index: 1, Value: (1, 0), Index: 2, Value: (2, 2), Index: 3, Value: (3, 2), 
------------------------------------------------------------------
