Initialization Stage: 


------------------------------------------------------------------
Image Number: 0
Relative Selection: 

Schedule Matrix: 
(0, 1, 1207, 0), (0, 3, 1644, 0), (0, 0, 1939, 0), (0, 2, 2399, 0), 
(1, 0, 1329, 0), (1, 4, 3099, 0), (1, 2, 3969, 0), (1, 1, 10817, 0), (1, 3, 29597, 0), (1, 5, 173462, 0), 
(2, 2, 2737, 0), (2, 1, 3588, 0), (2, 0, 6012, 0), 
(3, 2, 64998, 0), (3, 1, 126410, 0), (3, 0, 173021, 0), 

Selection Set: 
Index: 0, Value: (0, 2), Index: 1, Value: (1, 3), Index: 2, Value: (2, 1), Index: 3, Value: (3, 1), 
------------------------------------------------------------------
Run Time Stage: 


------------------------------------------------------------------
Image Number: 0
Relative Selection: 
(0, 0, 1939, 0), (1, 1, 10817, 0), (1, 5, 173462, 0), (2, 2, 2737, 0), (2, 0, 6012, 0), (3, 2, 64998, 0), (3, 0, 173021, 0), 
Schedule Matrix: 
(0, 1, 1207, 0), (0, 3, 1644, 0), (0, 0, 1939, 0), (0, 2, 2399, 23.0058), 
(1, 0, 1329, 0), (1, 4, 3099, 0), (1, 2, 3969, 0), (1, 1, 10817, 0), (1, 3, 29597, 23.0058), (1, 5, 173462, 0), 
(2, 2, 2737, 0), (2, 1, 3588, 23.0058), (2, 0, 6012, 0), 
(3, 2, 64998, 0), (3, 1, 126410, 23.0058), (3, 0, 173021, 0), 

Selection Set: 
Index: 0, Value: (0, 0), Index: 1, Value: (1, 3), Index: 2, Value: (2, 1), Index: 3, Value: (3, 1), 
------------------------------------------------------------------

------------------------------------------------------------------
Image Number: 0
Relative Selection: 
(0, 3, 1644, 0), (1, 1, 10817, 0), (1, 5, 173462, 0), (2, 2, 2737, 0), (2, 0, 6012, 0), (3, 2, 64998, 0), (3, 0, 173021, 0), (0, 2, 2399, 23.0058), 
Schedule Matrix: 
(0, 1, 1207, 0), (0, 3, 1644, 0), (0, 0, 1939, 28.1701), (0, 2, 2399, 23.0058), 
(1, 0, 1329, 0), (1, 4, 3099, 0), (1, 2, 3969, 0), (1, 1, 10817, 0), (1, 3, 29597, 25.588), (1, 5, 173462, 0), 
(2, 2, 2737, 0), (2, 1, 3588, 25.588), (2, 0, 6012, 0), 
(3, 2, 64998, 0), (3, 1, 126410, 25.588), (3, 0, 173021, 0), 

Selection Set: 
Index: 0, Value: (0, 3), Index: 1, Value: (1, 3), Index: 2, Value: (2, 1), Index: 3, Value: (3, 1), 
------------------------------------------------------------------

------------------------------------------------------------------
Image Number: 0
Relative Selection: 
(0, 1, 1207, 0), (1, 1, 10817, 0), (1, 5, 173462, 0), (2, 2, 2737, 0), (2, 0, 6012, 0), (3, 2, 64998, 0), (3, 0, 173021, 0), (0, 0, 1939, 28.1701), 
Schedule Matrix: 
(0, 1, 1207, 0), (0, 3, 1644, 22.6932), (0, 0, 1939, 28.1701), (0, 2, 2399, 23.0058), 
(1, 0, 1329, 0), (1, 4, 3099, 0), (1, 2, 3969, 0), (1, 1, 10817, 0), (1, 3, 29597, 24.1406), (1, 5, 173462, 0), 
(2, 2, 2737, 0), (2, 1, 3588, 24.1406), (2, 0, 6012, 0), 
(3, 2, 64998, 0), (3, 1, 126410, 24.1406), (3, 0, 173021, 0), 

Selection Set: 
Index: 0, Value: (0, 1), Index: 1, Value: (1, 3), Index: 2, Value: (2, 1), Index: 3, Value: (3, 1), 
------------------------------------------------------------------

------------------------------------------------------------------
Image Number: 0
Relative Selection: 
(1, 1, 10817, 0), (1, 5, 173462, 0), (2, 2, 2737, 0), (2, 0, 6012, 0), (3, 2, 64998, 0), (3, 0, 173021, 0), (0, 3, 1644, 22.6932), 
Schedule Matrix: 
(0, 1, 1207, 24.1476), (0, 3, 1644, 22.6932), (0, 0, 1939, 28.1701), (0, 2, 2399, 23.0058), 
(1, 0, 1329, 0), (1, 4, 3099, 0), (1, 2, 3969, 0), (1, 1, 10817, 0), (1, 3, 29597, 24.1441), (1, 5, 173462, 0), 
(2, 2, 2737, 0), (2, 1, 3588, 24.1441), (2, 0, 6012, 0), 
(3, 2, 64998, 0), (3, 1, 126410, 24.1441), (3, 0, 173021, 0), 

Selection Set: 
Index: 0, Value: (0, 1), Index: 1, Value: (1, 1), Index: 2, Value: (2, 1), Index: 3, Value: (3, 1), 
------------------------------------------------------------------

------------------------------------------------------------------
Image Number: 0
Relative Selection: 
(1, 2, 3969, 0), (2, 2, 2737, 0), (2, 0, 6012, 0), (3, 2, 64998, 0), (3, 0, 173021, 0), (0, 3, 1644, 22.6932), (1, 3, 29597, 24.1441), 
Schedule Matrix: 
(0, 1, 1207, 20.7916), (0, 3, 1644, 22.6932), (0, 0, 1939, 28.1701), (0, 2, 2399, 23.0058), 
(1, 0, 1329, 0), (1, 4, 3099, 0), (1, 2, 3969, 0), (1, 1, 10817, 17.4355), (1, 3, 29597, 24.1441), (1, 5, 173462, 0), 
(2, 2, 2737, 0), (2, 1, 3588, 20.7898), (2, 0, 6012, 0), 
(3, 2, 64998, 0), (3, 1, 126410, 20.7898), (3, 0, 173021, 0), 

Selection Set: 
Index: 0, Value: (0, 1), Index: 1, Value: (1, 2), Index: 2, Value: (2, 1), Index: 3, Value: (3, 1), 
------------------------------------------------------------------

------------------------------------------------------------------
Image Number: 0
Relative Selection: 
(1, 4, 3099, 0), (2, 2, 2737, 0), (2, 0, 6012, 0), (3, 2, 64998, 0), (3, 0, 173021, 0), (1, 1, 10817, 17.4355), (0, 3, 1644, 22.6932), 
Schedule Matrix: 
(0, 1, 1207, 16.6169), (0, 3, 1644, 22.6932), (0, 0, 1939, 28.1701), (0, 2, 2399, 23.0058), 
(1, 0, 1329, 0), (1, 4, 3099, 0), (1, 2, 3969, 12.4422), (1, 1, 10817, 17.4355), (1, 3, 29597, 24.1441), (1, 5, 173462, 0), 
(2, 2, 2737, 0), (2, 1, 3588, 16.616), (2, 0, 6012, 0), 
(3, 2, 64998, 0), (3, 1, 126410, 16.616), (3, 0, 173021, 0), 

Selection Set: 
Index: 0, Value: (0, 1), Index: 1, Value: (1, 4), Index: 2, Value: (2, 1), Index: 3, Value: (3, 1), 
------------------------------------------------------------------

------------------------------------------------------------------
Image Number: 0
Relative Selection: 
(1, 0, 1329, 0), (2, 2, 2737, 0), (2, 0, 6012, 0), (3, 2, 64998, 0), (3, 0, 173021, 0), (1, 2, 3969, 12.4422), (0, 3, 1644, 22.6932), 
Schedule Matrix: 
(0, 1, 1207, 21.5497), (0, 3, 1644, 22.6932), (0, 0, 1939, 28.1701), (0, 2, 2399, 23.0058), 
(1, 0, 1329, 0), (1, 4, 3099, 26.4824), (1, 2, 3969, 12.4422), (1, 1, 10817, 17.4355), (1, 3, 29597, 24.1441), (1, 5, 173462, 0), 
(2, 2, 2737, 0), (2, 1, 3588, 21.5492), (2, 0, 6012, 0), 
(3, 2, 64998, 0), (3, 1, 126410, 21.5492), (3, 0, 173021, 0), 

Selection Set: 
Index: 0, Value: (0, 1), Index: 1, Value: (1, 0), Index: 2, Value: (2, 1), Index: 3, Value: (3, 1), 
------------------------------------------------------------------

------------------------------------------------------------------
Image Number: 0
Relative Selection: 
(2, 2, 2737, 0), (2, 0, 6012, 0), (3, 2, 64998, 0), (3, 0, 173021, 0), (0, 3, 1644, 22.6932), (1, 4, 3099, 26.4824), 
Schedule Matrix: 
(0, 1, 1207, 24.865), (0, 3, 1644, 22.6932), (0, 0, 1939, 28.1701), (0, 2, 2399, 23.0058), 
(1, 0, 1329, 28.1804), (1, 4, 3099, 26.4824), (1, 2, 3969, 12.4422), (1, 1, 10817, 17.4355), (1, 3, 29597, 24.1441), (1, 5, 173462, 0), 
(2, 2, 2737, 0), (2, 1, 3588, 24.8648), (2, 0, 6012, 0), 
(3, 2, 64998, 0), (3, 1, 126410, 24.8648), (3, 0, 173021, 0), 

Selection Set: 
Index: 0, Value: (0, 1), Index: 1, Value: (1, 0), Index: 2, Value: (2, 2), Index: 3, Value: (3, 1), 
------------------------------------------------------------------

------------------------------------------------------------------
Image Number: 0
Relative Selection: 
(3, 2, 64998, 0), (3, 0, 173021, 0), (0, 3, 1644, 22.6932), (2, 1, 3588, 24.8648), (1, 4, 3099, 26.4824), 
Schedule Matrix: 
(0, 1, 1207, 22.9139), (0, 3, 1644, 22.6932), (0, 0, 1939, 28.1701), (0, 2, 2399, 23.0058), 
(1, 0, 1329, 24.5715), (1, 4, 3099, 26.4824), (1, 2, 3969, 12.4422), (1, 1, 10817, 17.4355), (1, 3, 29597, 24.1441), (1, 5, 173462, 0), 
(2, 2, 2737, 20.9627), (2, 1, 3588, 24.8648), (2, 0, 6012, 0), 
(3, 2, 64998, 0), (3, 1, 126410, 22.9137), (3, 0, 173021, 0), 

Selection Set: 
Index: 0, Value: (0, 1), Index: 1, Value: (1, 0), Index: 2, Value: (2, 2), Index: 3, Value: (3, 2), 
------------------------------------------------------------------

------------------------------------------------------------------
Image Number: 0
Relative Selection: 
(0, 3, 1644, 22.6932), (3, 1, 126410, 22.9137), (2, 1, 3588, 24.8648), (1, 4, 3099, 26.4824), 
Schedule Matrix: 
(0, 1, 1207, 18.474), (0, 3, 1644, 22.6932), (0, 0, 1939, 28.1701), (0, 2, 2399, 23.0058), 
(1, 0, 1329, 19.3028), (1, 4, 3099, 26.4824), (1, 2, 3969, 12.4422), (1, 1, 10817, 17.4355), (1, 3, 29597, 24.1441), (1, 5, 173462, 0), 
(2, 2, 2737, 17.4984), (2, 1, 3588, 24.8648), (2, 0, 6012, 0), 
(3, 2, 64998, 14.0341), (3, 1, 126410, 22.9137), (3, 0, 173021, 0), 

Selection Set: 
Index: 0, Value: (0, 3), Index: 1, Value: (1, 0), Index: 2, Value: (2, 2), Index: 3, Value: (3, 2), 
------------------------------------------------------------------

------------------------------------------------------------------
Image Number: 0
Relative Selection: 
(0, 1, 1207, 18.474), (3, 1, 126410, 22.9137), (2, 1, 3588, 24.8648), (1, 4, 3099, 26.4824), (0, 0, 1939, 28.1701), 
Schedule Matrix: 
(0, 1, 1207, 18.474), (0, 3, 1644, 18.9924), (0, 0, 1939, 28.1701), (0, 2, 2399, 23.0058), 
(1, 0, 1329, 17.2972), (1, 4, 3099, 26.4824), (1, 2, 3969, 12.4422), (1, 1, 10817, 17.4355), (1, 3, 29597, 24.1441), (1, 5, 173462, 0), 
(2, 2, 2737, 16.395), (2, 1, 3588, 24.8648), (2, 0, 6012, 0), 
(3, 2, 64998, 14.6628), (3, 1, 126410, 22.9137), (3, 0, 173021, 0), 

Selection Set: 
Index: 0, Value: (0, 1), Index: 1, Value: (1, 0), Index: 2, Value: (2, 2), Index: 3, Value: (3, 2), 
------------------------------------------------------------------

------------------------------------------------------------------
Image Number: 0
Relative Selection: 
(0, 3, 1644, 18.9924), (3, 1, 126410, 22.9137), (2, 1, 3588, 24.8648), (1, 4, 3099, 26.4824), 
Schedule Matrix: 
(0, 1, 1207, 22.5148), (0, 3, 1644, 18.9924), (0, 0, 1939, 28.1701), (0, 2, 2399, 23.0058), 
(1, 0, 1329, 21.9264), (1, 4, 3099, 26.4824), (1, 2, 3969, 12.4422), (1, 1, 10817, 17.4355), (1, 3, 29597, 24.1441), (1, 5, 173462, 0), 
(2, 2, 2737, 21.4753), (2, 1, 3588, 24.8648), (2, 0, 6012, 0), 
(3, 2, 64998, 20.6092), (3, 1, 126410, 22.9137), (3, 0, 173021, 0), 

Selection Set: 
Index: 0, Value: (0, 3), Index: 1, Value: (1, 0), Index: 2, Value: (2, 2), Index: 3, Value: (3, 2), 
------------------------------------------------------------------

------------------------------------------------------------------
Image Number: 0
Relative Selection: 
(0, 1, 1207, 22.5148), (3, 1, 126410, 22.9137), (2, 1, 3588, 24.8648), (1, 4, 3099, 26.4824), (0, 0, 1939, 28.1701), 
Schedule Matrix: 
(0, 1, 1207, 22.5148), (0, 3, 1644, 21.0511), (0, 0, 1939, 28.1701), (0, 2, 2399, 23.0058), 
(1, 0, 1329, 22.5182), (1, 4, 3099, 26.4824), (1, 2, 3969, 12.4422), (1, 1, 10817, 17.4355), (1, 3, 29597, 24.1441), (1, 5, 173462, 0), 
(2, 2, 2737, 22.2926), (2, 1, 3588, 24.8648), (2, 0, 6012, 0), 
(3, 2, 64998, 21.8596), (3, 1, 126410, 22.9137), (3, 0, 173021, 0), 

Selection Set: 
Index: 0, Value: (0, 1), Index: 1, Value: (1, 0), Index: 2, Value: (2, 2), Index: 3, Value: (3, 2), 
------------------------------------------------------------------

------------------------------------------------------------------
Image Number: 0
Relative Selection: 
(0, 3, 1644, 21.0511), (3, 1, 126410, 22.9137), (2, 1, 3588, 24.8648), (1, 4, 3099, 26.4824), 
Schedule Matrix: 
(0, 1, 1207, 23.4598), (0, 3, 1644, 21.0511), (0, 0, 1939, 28.1701), (0, 2, 2399, 23.0058), 
(1, 0, 1329, 23.4615), (1, 4, 3099, 26.4824), (1, 2, 3969, 12.4422), (1, 1, 10817, 17.4355), (1, 3, 29597, 24.1441), (1, 5, 173462, 0), 
(2, 2, 2737, 23.3487), (2, 1, 3588, 24.8648), (2, 0, 6012, 0), 
(3, 2, 64998, 23.1322), (3, 1, 126410, 22.9137), (3, 0, 173021, 0), 

Selection Set: 
Index: 0, Value: (0, 3), Index: 1, Value: (1, 0), Index: 2, Value: (2, 2), Index: 3, Value: (3, 2), 
------------------------------------------------------------------

------------------------------------------------------------------
Image Number: 0
Relative Selection: 
(3, 1, 126410, 22.9137), (0, 1, 1207, 23.4598), (2, 1, 3588, 24.8648), (1, 4, 3099, 26.4824), (0, 0, 1939, 28.1701), 
Schedule Matrix: 
(0, 1, 1207, 23.4598), (0, 3, 1644, 22.2134), (0, 0, 1939, 28.1701), (0, 2, 2399, 23.0058), 
(1, 0, 1329, 23.4185), (1, 4, 3099, 26.4824), (1, 2, 3969, 12.4422), (1, 1, 10817, 17.4355), (1, 3, 29597, 24.1441), (1, 5, 173462, 0), 
(2, 2, 2737, 23.3621), (2, 1, 3588, 24.8648), (2, 0, 6012, 0), 
(3, 2, 64998, 23.2539), (3, 1, 126410, 22.9137), (3, 0, 173021, 0), 

Selection Set: 
Index: 0, Value: (0, 3), Index: 1, Value: (1, 0), Index: 2, Value: (2, 2), Index: 3, Value: (3, 1), 
------------------------------------------------------------------

------------------------------------------------------------------
Image Number: 0
Relative Selection: 
(3, 0, 173021, 0), (3, 2, 64998, 23.2539), (0, 1, 1207, 23.4598), (2, 1, 3588, 24.8648), (1, 4, 3099, 26.4824), (0, 0, 1939, 28.1701), 
Schedule Matrix: 
(0, 1, 1207, 23.4598), (0, 3, 1644, 23.3231), (0, 0, 1939, 28.1701), (0, 2, 2399, 23.0058), 
(1, 0, 1329, 23.9256), (1, 4, 3099, 26.4824), (1, 2, 3969, 12.4422), (1, 1, 10817, 17.4355), (1, 3, 29597, 24.1441), (1, 5, 173462, 0), 
(2, 2, 2737, 23.8975), (2, 1, 3588, 24.8648), (2, 0, 6012, 0), 
(3, 2, 64998, 23.2539), (3, 1, 126410, 23.6733), (3, 0, 173021, 0), 

Selection Set: 
Index: 0, Value: (0, 3), Index: 1, Value: (1, 0), Index: 2, Value: (2, 2), Index: 3, Value: (3, 0), 
------------------------------------------------------------------

------------------------------------------------------------------
Image Number: 0
Relative Selection: 
(0, 1, 1207, 23.4598), (3, 1, 126410, 23.6733), (2, 1, 3588, 24.8648), (1, 4, 3099, 26.4824), (0, 0, 1939, 28.1701), 
Schedule Matrix: 
(0, 1, 1207, 23.4598), (0, 3, 1644, 22.4464), (0, 0, 1939, 28.1701), (0, 2, 2399, 23.0058), 
(1, 0, 1329, 22.7477), (1, 4, 3099, 26.4824), (1, 2, 3969, 12.4422), (1, 1, 10817, 17.4355), (1, 3, 29597, 24.1441), (1, 5, 173462, 0), 
(2, 2, 2737, 22.7336), (2, 1, 3588, 24.8648), (2, 0, 6012, 0), 
(3, 2, 64998, 23.2539), (3, 1, 126410, 23.6733), (3, 0, 173021, 21.5697), 

Selection Set: 
Index: 0, Value: (0, 1), Index: 1, Value: (1, 0), Index: 2, Value: (2, 2), Index: 3, Value: (3, 0), 
------------------------------------------------------------------
